3.2	0.493	0.809
3.21	0.492	0.808
3.22	0.491	0.808
3.23	0.491	0.807
3.24	0.49	0.806
3.25	0.489	0.805
3.26	0.488	0.805
3.27	0.488	0.804
3.28	0.487	0.803
3.28	0.486	0.802
3.29	0.485	0.801
3.29	0.484	0.799
3.28	0.483	0.798
3.28	0.482	0.798
3.27	0.482	0.797
3.26	0.481	0.797
3.25	0.481	0.797
3.24	0.481	0.796
3.23	0.48	0.796
3.23	0.48	0.796
3.22	0.48	0.796
3.21	0.48	0.795
3.2	0.48	0.795
3.19	0.479	0.795
3.18	0.479	0.795
3.18	0.479	0.795
3.17	0.479	0.794
3.16	0.479	0.794
3.15	0.478	0.794
3.14	0.478	0.794
3.14	0.478	0.794
3.13	0.478	0.793
3.12	0.478	0.793
3.11	0.477	0.793
3.1	0.477	0.793
3.1	0.477	0.792
3.09	0.477	0.792
3.08	0.476	0.792
3.07	0.476	0.791
3.07	0.476	0.791
3.06	0.475	0.791
3.05	0.475	0.79
3.05	0.473	0.796
3.04	0.473	0.796
3.03	0.472	0.795
3.03	0.472	0.795
3.02	0.476	0.799
3.02	0.475	0.799
3.01	0.475	0.799
3.01	0.477	0.803
3.01	0.478	0.81
3.02	0.478	0.81
3.02	0.478	0.813
3.03	0.479	0.814
3.04	0.478	0.814
3.05	0.478	0.815
3.06	0.478	0.815
3.07	0.478	0.815
3.08	0.477	0.815
3.09	0.477	0.814
3.1	0.476	0.814
3.11	0.476	0.813
3.12	0.475	0.812
3.13	0.474	0.812
3.14	0.473	0.811
3.15	0.473	0.81
3.16	0.472	0.809
3.17	0.472	0.814
3.18	0.471	0.813
3.19	0.47	0.812
3.21	0.469	0.811
3.22	0.469	0.81
3.23	0.468	0.82
3.24	0.467	0.818
3.25	0.466	0.817
3.26	0.466	0.816
3.28	0.465	0.815
3.29	0.464	0.814
3.3	0.463	0.813
3.31	0.463	0.812
3.32	0.462	0.811
3.33	0.461	0.81
3.35	0.461	0.809
3.36	0.461	0.809
3.37	0.46	0.808
3.38	0.459	0.807
3.39	0.459	0.807
3.4	0.458	0.806
3.42	0.457	0.805
3.43	0.457	0.804
3.44	0.456	0.804
3.45	0.456	0.803
3.46	0.455	0.802
3.47	0.455	0.801
3.49	0.454	0.801
3.5	0.453	0.8
3.51	0.453	0.799
3.52	0.452	0.798
3.53	0.452	0.798
3.54	0.451	0.797
3.56	0.45	0.809
3.57	0.449	0.808
3.58	0.449	0.808
3.59	0.449	0.808
3.6	0.449	0.808
3.62	0.448	0.807
3.63	0.447	0.806
3.64	0.447	0.806
3.65	0.446	0.805
3.66	0.446	0.804
3.68	0.445	0.804
3.69	0.445	0.804
3.7	0.444	0.812
3.71	0.444	0.812
3.72	0.443	0.811
3.74	0.443	0.81
3.75	0.442	0.81
3.76	0.442	0.809
3.77	0.441	0.808
3.79	0.441	0.808
3.8	0.441	0.809
3.81	0.44	0.808
3.82	0.44	0.807
3.83	0.44	0.807
3.84	0.439	0.807
3.85	0.439	0.806
3.86	0.438	0.805
3.88	0.438	0.805
3.89	0.437	0.804
3.9	0.437	0.804
3.91	0.436	0.803
3.93	0.436	0.802
3.94	0.435	0.802
3.95	0.435	0.801
3.97	0.434	0.801
3.98	0.434	0.8
3.99	0.433	0.799
4.01	0.433	0.799
4.02	0.433	0.798
4.03	0.432	0.798
4.05	0.432	0.797
4.06	0.43	0.81
4.07	0.429	0.81
4.09	0.429	0.809
4.1	0.428	0.808
4.11	0.428	0.808
4.13	0.427	0.807
4.14	0.427	0.806
4.15	0.426	0.806
4.17	0.425	0.811
4.18	0.425	0.811
4.2	0.424	0.81
4.21	0.424	0.809
4.22	0.424	0.809
4.24	0.423	0.808
4.25	0.422	0.807
4.27	0.422	0.807
4.28	0.422	0.806
4.29	0.421	0.806
4.31	0.42	0.807
4.32	0.42	0.807
4.34	0.419	0.806
4.35	0.419	0.805
4.37	0.418	0.805
4.38	0.418	0.804
4.4	0.417	0.803
4.41	0.417	0.803
4.43	0.416	0.802
4.44	0.416	0.801
4.46	0.415	0.801
4.47	0.415	0.8
4.49	0.415	0.8
4.5	0.414	0.799
4.52	0.414	0.799
4.53	0.413	0.798
4.55	0.413	0.797
4.56	0.412	0.797
4.58	0.412	0.796
4.59	0.412	0.795
4.61	0.411	0.795
4.62	0.411	0.794
4.64	0.41	0.794
4.66	0.408	0.795
4.67	0.408	0.794
4.69	0.407	0.793
4.7	0.407	0.793
4.72	0.406	0.792
4.74	0.406	0.791
4.75	0.405	0.791
4.77	0.405	0.791
4.78	0.405	0.79
4.8	0.404	0.789
4.82	0.404	0.789
4.83	0.403	0.788
4.85	0.403	0.787
4.87	0.403	0.787
4.88	0.402	0.786
4.9	0.402	0.785
4.92	0.401	0.785
4.93	0.401	0.784
4.95	0.4	0.784
4.97	0.4	0.783
4.99	0.4	0.782
5	0.399	0.782
5.02	0.399	0.781
5.04	0.398	0.78
5.05	0.398	0.78
5.07	0.397	0.779
5.09	0.397	0.778
5.11	0.397	0.778
5.13	0.396	0.777
5.14	0.396	0.777
5.16	0.395	0.776
5.18	0.395	0.775
5.2	0.395	0.775
5.22	0.394	0.774
5.23	0.394	0.773
5.25	0.393	0.773
5.27	0.393	0.772
5.29	0.393	0.772
5.31	0.392	0.771
5.33	0.392	0.771
5.34	0.391	0.77
5.36	0.391	0.769
5.38	0.39	0.769
5.4	0.39	0.768
5.42	0.39	0.767
5.44	0.389	0.767
5.46	0.389	0.766
5.48	0.388	0.766
5.5	0.388	0.765
5.52	0.388	0.764
5.54	0.387	0.764
5.56	0.386	0.762
5.58	0.385	0.762
5.6	0.385	0.761
5.62	0.384	0.76
5.64	0.384	0.76
5.66	0.384	0.759
5.68	0.383	0.759
5.7	0.383	0.758
5.72	0.382	0.757
5.74	0.382	0.757
5.76	0.382	0.756
5.78	0.381	0.755
5.8	0.381	0.755
5.82	0.38	0.754
5.84	0.38	0.753
5.86	0.38	0.753
5.88	0.379	0.752
5.91	0.379	0.751
5.93	0.378	0.751
5.95	0.378	0.75
5.97	0.378	0.75
5.99	0.377	0.749
6.01	0.377	0.748
6.04	0.376	0.748
6.06	0.376	0.747
6.08	0.376	0.746
6.1	0.375	0.746
6.12	0.375	0.745
6.15	0.374	0.744
6.17	0.374	0.744
6.19	0.374	0.743
6.21	0.373	0.742
6.24	0.373	0.742
6.26	0.372	0.741
6.28	0.372	0.74
6.31	0.372	0.74
6.33	0.371	0.739
6.35	0.371	0.738
6.38	0.37	0.738
6.4	0.37	0.736
6.42	0.369	0.736
6.45	0.369	0.735
6.47	0.367	0.732
6.5	0.366	0.732
6.52	0.366	0.731
6.54	0.366	0.73
6.57	0.365	0.73
6.59	0.365	0.729
6.62	0.364	0.728
6.64	0.364	0.727
6.67	0.363	0.726
6.69	0.363	0.725
6.72	0.362	0.725
6.74	0.362	0.724
6.77	0.362	0.723
6.79	0.361	0.723
6.82	0.361	0.722
6.85	0.36	0.721
6.87	0.36	0.72
6.9	0.359	0.72
6.92	0.359	0.719
6.95	0.359	0.718
6.98	0.358	0.717
7	0.358	0.717
7.03	0.357	0.716
7.06	0.357	0.715
7.08	0.357	0.715
7.11	0.356	0.714
7.14	0.356	0.713
7.17	0.355	0.712
7.19	0.355	0.712
7.22	0.355	0.711
7.25	0.354	0.71
7.28	0.354	0.709
7.31	0.353	0.709
7.33	0.353	0.708
7.36	0.352	0.707
7.39	0.352	0.706
7.42	0.352	0.706
7.45	0.351	0.705
7.48	0.351	0.704
7.51	0.35	0.704
7.54	0.35	0.703
7.57	0.35	0.702
7.6	0.349	0.701
7.63	0.349	0.701
7.66	0.348	0.7
7.69	0.348	0.699
7.72	0.348	0.698
7.75	0.347	0.698
7.78	0.347	0.697
7.81	0.346	0.696
7.84	0.346	0.695
7.87	0.345	0.694
7.9	0.345	0.694
7.93	0.345	0.693
7.96	0.344	0.692
8	0.344	0.691
8.03	0.343	0.691
8.06	0.343	0.69
8.09	0.343	0.689
8.13	0.342	0.688
8.16	0.342	0.688
8.19	0.341	0.687
8.22	0.341	0.686
8.26	0.34	0.685
8.29	0.34	0.684
8.33	0.34	0.684
8.36	0.339	0.683
8.39	0.339	0.682
8.43	0.338	0.681
8.46	0.338	0.681
8.5	0.337	0.68
8.53	0.337	0.679
8.57	0.337	0.678
8.6	0.336	0.677
8.64	0.336	0.677
8.67	0.335	0.676
8.71	0.335	0.675
8.75	0.334	0.674
8.78	0.334	0.673
8.82	0.334	0.673
8.86	0.334	0.673
8.89	0.333	0.672
8.93	0.333	0.671
8.97	0.332	0.67
9	0.332	0.669
9.04	0.332	0.669
9.08	0.331	0.668
9.12	0.331	0.667
9.16	0.33	0.666
9.2	0.33	0.665
9.24	0.329	0.664
9.28	0.329	0.664
9.32	0.328	0.663
9.36	0.328	0.662
9.4	0.328	0.661
9.44	0.327	0.66
9.48	0.327	0.659
9.52	0.326	0.658
9.56	0.326	0.657
9.61	0.325	0.657
9.65	0.325	0.656
9.69	0.324	0.655
9.74	0.324	0.654
9.78	0.323	0.653
9.83	0.323	0.652
9.87	0.322	0.651
9.92	0.322	0.65
9.96	0.321	0.649
10	0.321	0.648
10.1	0.32	0.646
10.1	0.32	0.645
10.2	0.319	0.644
10.2	0.318	0.643
10.2	0.318	0.642
10.2	0.318	0.642
10.3	0.317	0.641
10.3	0.317	0.639
10.4	0.316	0.638
10.4	0.315	0.637
10.5	0.315	0.635
10.5	0.314	0.634
10.6	0.313	0.632
10.6	0.313	0.632
10.7	0.312	0.63
10.7	0.311	0.629
10.8	0.311	0.627
10.8	0.31	0.625
10.9	0.309	0.624
10.9	0.308	0.622
11	0.308	0.621
11	0.307	0.619
11.1	0.306	0.617
11.2	0.305	0.615
11.2	0.304	0.614
11.3	0.303	0.612
11.3	0.303	0.61
11.4	0.304	0.614
11.4	0.303	0.612
11.5	0.303	0.611
11.5	0.302	0.609
11.6	0.301	0.607
11.6	0.3	0.605
11.6	0.299	0.603
11.7	0.298	0.601
11.7	0.297	0.599
11.7	0.296	0.597
11.8	0.296	0.596
11.8	0.295	0.595
11.7	0.295	0.594
11.7	0.295	0.595
11.7	0.295	0.594
11.6	0.295	0.594
11.6	0.295	0.595
11.6	0.295	0.595
11.5	0.295	0.596
11.5	0.296	0.596
11.4	0.296	0.597
11.4	0.296	0.597
11.4	0.296	0.598
11.4	0.297	0.598
11.3	0.297	0.599
11.3	0.297	0.6
11.3	0.297	0.6
11.2	0.298	0.6
11.2	0.298	0.6
11.2	0.298	0.601
11.1	0.298	0.601
11.1	0.298	0.601
11.1	0.298	0.601
11.1	0.298	0.601
11	0.298	0.601
11	0.298	0.601
11	0.298	0.601
10.9	0.298	0.602
10.9	0.298	0.602
10.9	0.298	0.601
10.9	0.299	0.602
10.8	0.299	0.602
10.8	0.299	0.602
10.8	0.299	0.603
10.8	0.299	0.603
10.7	0.299	0.603
10.7	0.3	0.604
10.7	0.3	0.604
10.6	0.3	0.604
10.6	0.3	0.604
10.6	0.3	0.604
10.6	0.3	0.604
10.5	0.3	0.604
10.5	0.3	0.605
10.5	0.3	0.605
10.5	0.3	0.605
10.4	0.3	0.605
10.4	0.301	0.605
10.4	0.3	0.605
10.4	0.301	0.605
10.3	0.301	0.605
10.3	0.3	0.605
10.3	0.301	0.605
10.3	0.301	0.605
10.2	0.301	0.605
10.2	0.301	0.605
10.2	0.301	0.605
10.2	0.301	0.605
10.2	0.301	0.605
10.1	0.301	0.606
10.1	0.301	0.606
10.1	0.301	0.606
10.1	0.301	0.606
10	0.301	0.606
10	0.301	0.606
9.99	0.301	0.606
9.97	0.301	0.606
9.95	0.301	0.606
9.93	0.301	0.606
9.9	0.301	0.606
9.88	0.301	0.606
9.86	0.301	0.606
9.84	0.301	0.606
9.82	0.301	0.605
9.8	0.301	0.605
9.77	0.301	0.605
9.75	0.301	0.605
9.73	0.301	0.605
9.71	0.301	0.605
9.69	0.301	0.605
9.67	0.301	0.605
9.65	0.301	0.605
9.63	0.301	0.605
9.61	0.301	0.605
9.59	0.301	0.605
9.57	0.301	0.605
9.55	0.301	0.605
9.52	0.301	0.605
9.5	0.301	0.605
9.48	0.301	0.605
9.46	0.301	0.605
9.44	0.301	0.604
9.42	0.301	0.604
9.4	0.301	0.604
9.38	0.301	0.604
9.36	0.301	0.604
9.34	0.301	0.604
9.32	0.301	0.604
9.3	0.301	0.604
9.28	0.301	0.604
9.26	0.301	0.604
9.24	0.301	0.604
9.22	0.301	0.604
9.2	0.301	0.604
9.19	0.301	0.603
9.17	0.301	0.604
9.15	0.301	0.603
9.13	0.301	0.603
9.11	0.3	0.603
9.09	0.301	0.603
9.07	0.3	0.603
9.05	0.301	0.603
9.03	0.3	0.603
9.01	0.3	0.603
9	0.3	0.603
8.98	0.3	0.602
8.96	0.3	0.602
8.94	0.3	0.602
8.93	0.3	0.602
8.91	0.3	0.602
8.89	0.3	0.601
8.87	0.3	0.601
8.85	0.3	0.601
8.84	0.3	0.601
8.82	0.3	0.601
8.8	0.3	0.6
8.78	0.3	0.6
8.76	0.299	0.6
8.74	0.299	0.6
8.73	0.3	0.6
8.71	0.299	0.6
8.69	0.299	0.599
8.67	0.299	0.599
8.65	0.299	0.599
8.64	0.299	0.599
8.62	0.299	0.598
8.6	0.299	0.599
8.58	0.299	0.598
8.56	0.299	0.598
8.55	0.299	0.598
8.53	0.299	0.598
8.51	0.299	0.598
8.49	0.299	0.597
8.48	0.299	0.597
8.46	0.299	0.597
8.44	0.298	0.597
8.42	0.298	0.597
8.41	0.298	0.597
8.39	0.298	0.596
8.37	0.298	0.596
8.35	0.298	0.596
8.34	0.298	0.595
8.32	0.298	0.595
8.3	0.298	0.595
8.29	0.298	0.594
8.28	0.298	0.595
8.26	0.298	0.594
8.25	0.298	0.595
8.23	0.298	0.594
8.22	0.298	0.594
8.2	0.297	0.594
8.18	0.297	0.593
8.17	0.297	0.593
8.15	0.297	0.592
8.14	0.297	0.592
8.13	0.297	0.592
8.12	0.297	0.592
8.12	0.297	0.592
8.11	0.297	0.592
8.1	0.297	0.592
8.08	0.296	0.591
8.07	0.296	0.591
8.06	0.296	0.59
8.05	0.296	0.59
8.04	0.296	0.59
8.03	0.296	0.59
8.02	0.296	0.59
8.01	0.296	0.59
8	0.296	0.59
7.99	0.296	0.589
7.98	0.296	0.589
7.97	0.295	0.589
7.95	0.295	0.588
7.95	0.295	0.588
7.95	0.295	0.588
7.94	0.295	0.588
7.94	0.295	0.588
7.93	0.295	0.587
7.92	0.295	0.587
7.92	0.295	0.587
7.91	0.295	0.587
7.9	0.295	0.587
7.89	0.295	0.586
7.88	0.294	0.586
7.88	0.294	0.586
7.87	0.295	0.586
7.87	0.294	0.586
7.87	0.294	0.586
7.87	0.294	0.586
7.86	0.294	0.586
7.85	0.294	0.586
7.85	0.294	0.585
7.84	0.294	0.585
7.84	0.294	0.585
7.83	0.294	0.585
7.82	0.294	0.584
7.81	0.294	0.584
7.8	0.294	0.584
7.8	0.294	0.584
7.8	0.293	0.584
7.79	0.293	0.584
7.79	0.293	0.583
7.78	0.293	0.583
7.78	0.293	0.583
7.78	0.293	0.583
7.77	0.293	0.583
7.77	0.293	0.583
7.77	0.293	0.583
7.77	0.293	0.583
7.77	0.293	0.582
7.76	0.293	0.583
7.76	0.293	0.582
7.75	0.293	0.582
7.75	0.293	0.582
7.75	0.293	0.582
7.75	0.293	0.582
7.75	0.293	0.582
7.75	0.293	0.582
7.74	0.293	0.582
7.73	0.292	0.581
7.72	0.292	0.581
7.7	0.292	0.58
7.69	0.291	0.579
7.68	0.291	0.579
7.67	0.291	0.578
7.66	0.291	0.578
7.64	0.291	0.577
7.63	0.29	0.577
7.62	0.29	0.576
7.61	0.29	0.575
7.6	0.29	0.575
7.59	0.289	0.574
7.58	0.289	0.574
7.57	0.289	0.573
7.57	0.289	0.572
7.56	0.288	0.572
7.55	0.288	0.571
7.55	0.288	0.57
7.54	0.287	0.57
7.54	0.287	0.569
7.53	0.287	0.568
7.53	0.287	0.568
7.52	0.286	0.566
7.52	0.286	0.566
7.52	0.285	0.565
7.52	0.285	0.563
7.52	0.284	0.563
7.53	0.284	0.562
7.53	0.284	0.561
7.53	0.283	0.56
7.54	0.283	0.56
7.54	0.283	0.56
7.55	0.283	0.559
7.55	0.282	0.559
7.56	0.282	0.558
7.57	0.282	0.558
7.57	0.282	0.557
7.58	0.282	0.557
7.58	0.281	0.556
7.59	0.281	0.556
7.6	0.281	0.556
7.6	0.281	0.556
7.61	0.281	0.555
7.62	0.28	0.554
7.62	0.28	0.554
7.63	0.28	0.553
7.64	0.279	0.552
7.66	0.279	0.552
7.67	0.279	0.552
7.68	0.279	0.551
7.68	0.278	0.551
7.68	0.278	0.551
7.68	0.278	0.551
7.68	0.278	0.551
7.68	0.278	0.551
7.69	0.278	0.551
7.69	0.278	0.551
7.69	0.278	0.551
7.7	0.278	0.55
7.7	0.278	0.55
7.71	0.278	0.55
7.72	0.277	0.549
7.72	0.277	0.549
7.72	0.277	0.549
7.72	0.277	0.549
7.73	0.277	0.549
7.74	0.277	0.549
7.74	0.277	0.548
7.75	0.277	0.548
7.76	0.277	0.548
7.77	0.276	0.547
7.78	0.276	0.547
7.79	0.276	0.547
7.79	0.276	0.547
7.79	0.276	0.546
7.79	0.276	0.546
7.8	0.276	0.546
7.8	0.276	0.546
7.81	0.276	0.546
7.81	0.276	0.546
7.82	0.276	0.546
7.82	0.275	0.545
7.83	0.275	0.545
7.83	0.275	0.545
7.84	0.275	0.545
7.84	0.275	0.545
7.85	0.275	0.544
7.86	0.275	0.544
7.87	0.274	0.544
7.87	0.274	0.544
7.87	0.274	0.543
7.88	0.274	0.543
7.89	0.274	0.543
7.9	0.274	0.543
7.91	0.274	0.542
7.91	0.274	0.542
7.91	0.274	0.542
7.92	0.273	0.542
7.93	0.273	0.541
7.94	0.273	0.541
7.95	0.273	0.541
7.97	0.273	0.541
7.98	0.273	0.54
7.99	0.272	0.54
8.01	0.272	0.539
8.02	0.272	0.539
8.02	0.272	0.539
8.03	0.272	0.539
8.03	0.272	0.538
8.04	0.271	0.538
8.06	0.271	0.537
8.07	0.271	0.537
8.08	0.271	0.537
8.08	0.271	0.537
8.08	0.271	0.537
8.1	0.27	0.536
8.11	0.271	0.536
8.13	0.27	0.536
8.16	0.27	0.535
8.16	0.27	0.535
8.16	0.27	0.535
8.16	0.27	0.535
8.16	0.27	0.535
8.16	0.269	0.535
8.17	0.269	0.534
8.17	0.269	0.534
8.17	0.269	0.534
8.18	0.269	0.533
8.18	0.269	0.532
8.18	0.268	0.532
8.18	0.268	0.53
8.18	0.267	0.529
8.18	0.267	0.527
8.18	0.266	0.525
8.17	0.265	0.523
8.16	0.264	0.521
8.14	0.263	0.52
8.12	0.263	0.519
8.08	0.263	0.519
8.04	0.263	0.519
8	0.264	0.52
7.95	0.265	0.522
7.9	0.266	0.524
7.85	0.267	0.526
7.8	0.268	0.528
7.75	0.269	0.53
7.7	0.27	0.532
7.65	0.271	0.535
7.59	0.273	0.538
7.54	0.274	0.541
7.5	0.276	0.543
7.45	0.277	0.546
7.41	0.278	0.549
7.39	0.279	0.55
7.4	0.279	0.55
7.41	0.278	0.548
7.43	0.277	0.547
7.45	0.277	0.546
7.47	0.276	0.545
7.5	0.276	0.544
7.52	0.275	0.543
7.54	0.275	0.542
7.57	0.274	0.541
7.59	0.274	0.54
7.62	0.273	0.539
7.64	0.273	0.538
7.67	0.272	0.537
7.69	0.272	0.536
7.72	0.271	0.535
7.75	0.271	0.535
7.77	0.27	0.534
7.8	0.27	0.533
7.83	0.269	0.532
7.86	0.269	0.531
7.88	0.268	0.53
7.91	0.268	0.529
7.94	0.267	0.529
7.97	0.267	0.528
8	0.266	0.527
8.03	0.266	0.526
8.07	0.265	0.525
8.1	0.265	0.524
8.13	0.264	0.523
8.16	0.264	0.522
8.19	0.264	0.522
8.23	0.263	0.521
8.26	0.263	0.52
8.29	0.262	0.519
8.32	0.262	0.518
8.36	0.261	0.517
8.39	0.26	0.516
8.43	0.26	0.516
8.46	0.26	0.515
8.5	0.259	0.514
8.53	0.259	0.513
8.57	0.258	0.513
8.6	0.258	0.512
8.64	0.257	0.511
8.67	0.257	0.51
8.71	0.257	0.51
8.75	0.256	0.509
8.78	0.256	0.508
8.82	0.255	0.507
8.86	0.255	0.506
8.89	0.254	0.505
8.93	0.254	0.505
8.97	0.253	0.504
9.01	0.253	0.503
9.05	0.253	0.502
9.09	0.252	0.501
9.13	0.252	0.501
9.17	0.251	0.5
9.21	0.251	0.5
9.25	0.251	0.499
9.29	0.25	0.498
9.33	0.25	0.497
9.37	0.249	0.496
9.41	0.249	0.496
9.45	0.248	0.495
9.49	0.248	0.494
9.53	0.248	0.494
9.58	0.247	0.493
9.62	0.247	0.492
9.66	0.246	0.491
9.7	0.246	0.491
9.74	0.246	0.49
9.79	0.245	0.489
9.83	0.245	0.489
9.87	0.245	0.488
9.88	0.244	0.488
9.92	0.244	0.487
9.96	0.244	0.487
10	0.243	0.486
10	0.243	0.486
10.1	0.243	0.485
10.1	0.242	0.484
10.2	0.242	0.484
10.2	0.242	0.483
10.3	0.241	0.483
10.3	0.241	0.482
10.4	0.241	0.482
10.4	0.24	0.481
10.4	0.24	0.481
10.5	0.24	0.48
10.5	0.24	0.48
10.6	0.239	0.479
10.6	0.239	0.479
10.7	0.239	0.478
10.7	0.238	0.478
10.8	0.238	0.477
10.8	0.238	0.477
10.8	0.238	0.476
10.9	0.237	0.476
10.9	0.237	0.476
11	0.237	0.475
11	0.237	0.475
11.1	0.236	0.475
11.1	0.236	0.474
11.1	0.236	0.473
11.2	0.236	0.474
11.2	0.236	0.473
11.3	0.235	0.473
11.3	0.235	0.473
11.4	0.235	0.472
11.4	0.235	0.472
11.4	0.235	0.472
11.5	0.234	0.472
11.5	0.234	0.471
11.6	0.234	0.471
11.6	0.234	0.47
11.7	0.233	0.47
11.7	0.233	0.47
11.8	0.233	0.469
11.8	0.233	0.469
11.9	0.232	0.468
11.9	0.232	0.468
12	0.232	0.467
12	0.231	0.466
12.1	0.231	0.465
12.1	0.23	0.464
12.2	0.23	0.463
12.2	0.229	0.461
12.3	0.229	0.46
12.3	0.228	0.46
12.3	0.228	0.46
12.3	0.228	0.459
12.4	0.228	0.458
12.4	0.227	0.457
12.5	0.226	0.455
12.5	0.225	0.452
12.6	0.224	0.449
12.7	0.222	0.446
12.7	0.221	0.443
12.8	0.219	0.439
12.8	0.218	0.436
12.8	0.216	0.432
12.8	0.216	0.431
12.7	0.216	0.431
12.7	0.216	0.431
12.6	0.216	0.432
12.5	0.216	0.433
12.5	0.217	0.434
12.4	0.218	0.435
12.3	0.218	0.436
12.2	0.219	0.437
12.2	0.219	0.439
12.1	0.22	0.44
12	0.221	0.441
11.9	0.222	0.443
11.9	0.222	0.444
11.8	0.223	0.445
11.7	0.224	0.447
11.6	0.224	0.448
11.6	0.225	0.45
11.5	0.226	0.451
11.4	0.226	0.452
11.4	0.227	0.453
11.3	0.228	0.455
11.2	0.229	0.456
11.2	0.229	0.458
11.1	0.23	0.459
11	0.231	0.46
11	0.232	0.462
10.9	0.232	0.463
10.8	0.233	0.465
10.8	0.234	0.466
10.7	0.234	0.467
10.6	0.235	0.469
10.6	0.236	0.47
10.5	0.236	0.471
10.5	0.237	0.473
10.4	0.238	0.474
10.4	0.239	0.475
10.3	0.239	0.477
10.2	0.24	0.478
10.2	0.241	0.479
10.1	0.241	0.481
10.1	0.242	0.482
10	0.243	0.483
10	0.243	0.484
9.96	0.244	0.486
9.92	0.245	0.487
9.89	0.245	0.488
9.85	0.246	0.489
9.83	0.246	0.49
9.81	0.247	0.491
9.79	0.247	0.492
9.79	0.248	0.493
9.8	0.248	0.493
9.82	0.248	0.494
9.84	0.248	0.494
9.87	0.249	0.494
9.89	0.249	0.494
9.92	0.249	0.494
9.95	0.248	0.494
9.98	0.248	0.494
10	0.248	0.494
10.1	0.248	0.494
10.1	0.248	0.494
10.1	0.248	0.494
10.2	0.248	0.494
10.2	0.248	0.493
10.2	0.248	0.493
10.3	0.248	0.493
10.3	0.248	0.493
10.4	0.247	0.493
10.4	0.247	0.492
10.4	0.247	0.492
10.5	0.247	0.492
10.5	0.247	0.492
10.6	0.247	0.491
10.6	0.246	0.491
10.7	0.246	0.491
10.7	0.246	0.49
10.8	0.246	0.49
10.8	0.246	0.49
10.9	0.246	0.49
10.9	0.245	0.489
11	0.245	0.489
11	0.245	0.489
11.1	0.245	0.488
11.1	0.245	0.488
11.2	0.244	0.488
11.2	0.244	0.487
11.3	0.244	0.487
11.3	0.244	0.487
11.4	0.244	0.486
11.4	0.243	0.486
11.5	0.243	0.486
11.5	0.243	0.485
11.6	0.243	0.485
11.6	0.243	0.485
11.7	0.242	0.484
11.8	0.242	0.484
11.8	0.242	0.484
11.9	0.242	0.483
11.9	0.241	0.483
12	0.241	0.482
12	0.241	0.482
12.1	0.241	0.482
12.2	0.241	0.481
12.2	0.24	0.481
12.3	0.24	0.48
12.4	0.24	0.48
12.4	0.24	0.48
12.5	0.239	0.479
12.5	0.239	0.479
12.6	0.239	0.479
12.7	0.239	0.478
12.7	0.239	0.478
12.8	0.238	0.477
12.9	0.238	0.477
12.9	0.238	0.476
13	0.237	0.476
13.1	0.237	0.476
13.1	0.237	0.475
13.2	0.237	0.475
13.3	0.237	0.475
13.3	0.236	0.474
13.4	0.236	0.474
13.5	0.236	0.473
13.5	0.235	0.473
13.6	0.235	0.472
13.7	0.235	0.472
13.8	0.235	0.471
13.8	0.235	0.471
13.9	0.234	0.471
14	0.234	0.47
14	0.234	0.47
14.1	0.234	0.469
14.2	0.233	0.469
14.3	0.233	0.468
14.3	0.233	0.468
14.4	0.232	0.467
14.5	0.232	0.467
14.6	0.232	0.466
14.7	0.232	0.466
14.7	0.231	0.466
14.8	0.231	0.465
14.9	0.231	0.464
15	0.23	0.464
15.1	0.23	0.464
15.1	0.23	0.463
15.2	0.23	0.463
15.3	0.229	0.462
15.4	0.229	0.462
15.5	0.229	0.461
15.6	0.229	0.461
15.6	0.228	0.46
15.7	0.228	0.46
15.8	0.228	0.459
15.9	0.227	0.459
16	0.227	0.458
16.1	0.227	0.458
16.2	0.227	0.457
16.3	0.226	0.457
16.3	0.226	0.456
16.4	0.226	0.456
16.5	0.225	0.455
16.6	0.225	0.455
16.7	0.225	0.454
16.8	0.225	0.453
16.9	0.224	0.453
17	0.224	0.452
17.1	0.224	0.452
17.2	0.223	0.451
17.3	0.223	0.451
17.4	0.223	0.45
17.5	0.222	0.45
17.6	0.222	0.449
17.7	0.222	0.449
17.8	0.221	0.448
17.9	0.221	0.447
18	0.221	0.447
18.1	0.221	0.446
18.2	0.22	0.446
18.3	0.22	0.445
18.4	0.22	0.445
18.5	0.219	0.444
18.6	0.219	0.444
18.7	0.219	0.443
18.8	0.218	0.442
18.9	0.218	0.442
19	0.218	0.441
19.2	0.217	0.441
19.3	0.217	0.44
19.4	0.217	0.439
19.5	0.217	0.439
19.6	0.216	0.438
19.7	0.216	0.438
19.8	0.216	0.437
19.9	0.215	0.437
20.1	0.215	0.436
20.2	0.215	0.435
20.3	0.214	0.435
20.4	0.214	0.434
20.5	0.214	0.434
20.7	0.213	0.433
20.8	0.213	0.432
20.9	0.213	0.432
21	0.212	0.431
21.1	0.212	0.43
21.3	0.212	0.43
21.4	0.211	0.429
21.5	0.211	0.429
21.7	0.211	0.428
21.8	0.21	0.427
21.9	0.21	0.427
22	0.21	0.426
22.2	0.209	0.425
22.3	0.209	0.425
22.4	0.209	0.424
22.6	0.208	0.424
22.7	0.208	0.423
22.8	0.208	0.422
23	0.207	0.422
23.1	0.207	0.421
23.3	0.207	0.42
23.4	0.206	0.42
23.5	0.206	0.419
23.7	0.205	0.418
23.8	0.205	0.418
24	0.205	0.417
24.1	0.204	0.416
24.2	0.204	0.416
24.4	0.204	0.415
24.5	0.203	0.414
24.7	0.203	0.413
24.8	0.203	0.413
25	0.202	0.412
25.1	0.202	0.411
25.3	0.202	0.411
25.4	0.201	0.41
25.6	0.201	0.41
25.8	0.2	0.409
25.9	0.2	0.408
26.1	0.2	0.407
26.2	0.199	0.407
26.4	0.199	0.406
26.6	0.199	0.405
26.7	0.198	0.404
26.9	0.198	0.403
27	0.197	0.403
27.2	0.197	0.402
27.4	0.197	0.401
27.5	0.196	0.401
27.7	0.196	0.4
27.9	0.196	0.4
28.1	0.195	0.399
28.2	0.195	0.398
28.4	0.194	0.397
28.6	0.194	0.397
28.8	0.194	0.396
28.9	0.193	0.395
29.1	0.193	0.395
29.3	0.193	0.394
29.5	0.192	0.393
29.7	0.192	0.393
29.9	0.192	0.392
30	0.191	0.391
30.2	0.191	0.391
30.4	0.191	0.39
30.6	0.19	0.389
30.8	0.19	0.389
31	0.19	0.388
31.2	0.189	0.387
31.4	0.189	0.387
31.6	0.188	0.386
31.8	0.188	0.385
32	0.188	0.385
32.2	0.187	0.384
32.4	0.187	0.383
32.6	0.187	0.383
32.8	0.186	0.382
33	0.186	0.381
33.2	0.186	0.381
33.4	0.185	0.38
33.6	0.185	0.379
33.8	0.185	0.379
34	0.184	0.378
34.2	0.184	0.377
34.4	0.184	0.377
34.6	0.183	0.376
34.8	0.183	0.375
35	0.183	0.375
35.2	0.182	0.374
35.4	0.182	0.374
35.7	0.182	0.373
35.9	0.181	0.372
36.1	0.181	0.372
36.3	0.181	0.371
36.5	0.18	0.37
36.7	0.18	0.37
36.9	0.18	0.369
37.2	0.179	0.368
37.4	0.179	0.367
37.6	0.179	0.367
37.8	0.178	0.366
38	0.178	0.366
38.3	0.178	0.365
38.5	0.177	0.364
38.7	0.177	0.364
38.9	0.177	0.363
39.1	0.176	0.363
39.4	0.176	0.362
39.6	0.176	0.361
39.8	0.175	0.36
40.1	0.175	0.36
40.3	0.175	0.359
40.5	0.174	0.358
40.7	0.174	0.358
41	0.174	0.357
41.2	0.173	0.357
41.4	0.173	0.356
41.7	0.173	0.356
41.9	0.173	0.355
42.1	0.172	0.354
42.3	0.172	0.354
42.6	0.172	0.353
42.8	0.171	0.353
43	0.171	0.352
43.2	0.17	0.35
43.5	0.17	0.35
43.7	0.17	0.349
43.9	0.169	0.349
44.1	0.169	0.348
44.4	0.169	0.348
44.6	0.169	0.347
44.8	0.168	0.347
45	0.168	0.346
45.3	0.168	0.346
45.5	0.168	0.345
45.7	0.167	0.345
45.9	0.167	0.344
46.2	0.167	0.344
46.4	0.167	0.343
46.6	0.166	0.343
46.8	0.166	0.342
47.1	0.166	0.342
47.3	0.166	0.341
47.5	0.165	0.341
47.7	0.165	0.34
48	0.165	0.34
48.2	0.165	0.339
48.4	0.164	0.339
48.7	0.164	0.338
48.9	0.164	0.338
49.1	0.164	0.337
49.3	0.163	0.337
49.5	0.163	0.336
49.8	0.163	0.336
50	0.163	0.336
50.2	0.162	0.335
50.4	0.162	0.335
50.7	0.162	0.333
50.9	0.161	0.333
51.1	0.161	0.333
51.3	0.161	0.332
51.5	0.161	0.332
51.8	0.161	0.331
52	0.16	0.331
52.2	0.16	0.33
52.4	0.16	0.33
52.7	0.16	0.33
52.9	0.16	0.329
53.1	0.159	0.329
53.3	0.159	0.328
53.6	0.159	0.328
53.8	0.159	0.327
54	0.158	0.327
54.3	0.158	0.327
54.5	0.158	0.326
54.7	0.158	0.326
55	0.158	0.325
55.2	0.157	0.325
55.4	0.157	0.325
55.7	0.157	0.324
55.9	0.157	0.324
56.1	0.157	0.323
56.4	0.156	0.323
56.6	0.156	0.323
56.9	0.156	0.322
57.1	0.156	0.322
57.3	0.156	0.321
57.6	0.155	0.321
57.8	0.155	0.321
58	0.155	0.32
58.3	0.155	0.32
58.5	0.155	0.319
58.8	0.154	0.319
59	0.154	0.319
59.2	0.154	0.318
59.5	0.154	0.318
59.7	0.154	0.317
60	0.153	0.317
60.2	0.153	0.317
60.4	0.153	0.316
60.7	0.153	0.316
60.9	0.153	0.316
61.2	0.152	0.315
61.4	0.152	0.315
61.7	0.152	0.315
61.9	0.152	0.314
62.1	0.152	0.314
62.4	0.152	0.313
62.6	0.151	0.313
62.9	0.151	0.313
63.1	0.151	0.312
63.4	0.151	0.312
63.6	0.15	0.311
63.9	0.15	0.31
64.1	0.15	0.31
64.4	0.15	0.31
64.6	0.15	0.309
64.9	0.149	0.309
65.1	0.149	0.309
65.4	0.149	0.308
65.6	0.149	0.308
65.9	0.149	0.308
66.1	0.149	0.307
66.4	0.148	0.307
66.6	0.148	0.307
66.9	0.148	0.306
67.1	0.148	0.306
67.4	0.148	0.306
67.6	0.148	0.305
67.9	0.147	0.305
68.2	0.147	0.305
68.4	0.147	0.305
68.7	0.147	0.304
68.9	0.147	0.304
69.2	0.147	0.304
69.4	0.146	0.303
69.7	0.146	0.303
70	0.146	0.303
70.2	0.146	0.302
70.5	0.146	0.302
70.7	0.146	0.302
71	0.146	0.302
71.3	0.145	0.301
71.5	0.145	0.301
71.8	0.145	0.301
72	0.145	0.301
72.3	0.145	0.3
72.5	0.145	0.3
72.8	0.145	0.3
73.1	0.145	0.3
73.3	0.144	0.299
73.6	0.144	0.299
73.8	0.144	0.299
74.1	0.144	0.298
74.4	0.144	0.298
74.6	0.143	0.297
74.9	0.143	0.297
75.1	0.143	0.297
75.4	0.143	0.297
75.6	0.143	0.297
75.9	0.143	0.296
76.1	0.143	0.296
76.4	0.143	0.296
76.6	0.143	0.296
76.9	0.143	0.296
77.1	0.143	0.296
77.3	0.143	0.296
77.6	0.143	0.296
77.8	0.142	0.295
78	0.142	0.295
78.3	0.142	0.295
78.5	0.142	0.295
78.7	0.142	0.295
78.9	0.142	0.295
79.1	0.142	0.295
79.3	0.142	0.296
79.5	0.143	0.296
79.7	0.143	0.296
79.9	0.143	0.296
80.1	0.143	0.296
80.2	0.143	0.296
80.4	0.143	0.297
80.6	0.143	0.297
80.7	0.143	0.297
80.9	0.143	0.298
81	0.144	0.298
81.2	0.144	0.299
81.3	0.144	0.299
81.5	0.144	0.3
81.6	0.145	0.3
81.7	0.145	0.301
81.8	0.145	0.301
82	0.145	0.302
82.1	0.146	0.302
82.2	0.146	0.303
82.3	0.146	0.303
82.4	0.146	0.303
82.5	0.146	0.304
82.6	0.147	0.305
82.7	0.147	0.306
82.8	0.148	0.306
82.9	0.148	0.307
83	0.148	0.308
83.1	0.149	0.309
83.1	0.149	0.31
83.2	0.15	0.311
83.3	0.15	0.312
83.3	0.15	0.313
83.4	0.151	0.313
83.4	0.151	0.314
83.5	0.152	0.315
83.5	0.152	0.316
83.5	0.152	0.317
83.6	0.153	0.318
83.6	0.153	0.319
83.6	0.154	0.32
83.7	0.154	0.321
83.7	0.155	0.322
83.7	0.155	0.323
83.7	0.156	0.324
83.8	0.156	0.325
83.8	0.157	0.326
83.8	0.157	0.327
83.8	0.158	0.328
83.8	0.158	0.329
83.8	0.159	0.33
83.9	0.16	0.332
83.9	0.16	0.333
83.9	0.161	0.335
83.9	0.162	0.337
83.9	0.162	0.337
83.9	0.163	0.339
83.9	0.164	0.341
83.9	0.165	0.342
83.9	0.165	0.344
83.9	0.166	0.345
83.9	0.166	0.346
83.9	0.167	0.348
83.9	0.168	0.349
83.9	0.169	0.351
83.9	0.17	0.353
83.9	0.171	0.355
83.9	0.172	0.357
83.9	0.173	0.359
83.9	0.174	0.361
83.9	0.175	0.364
83.9	0.176	0.366
83.9	0.177	0.368
83.9	0.178	0.37
83.9	0.179	0.372
83.9	0.18	0.374
83.9	0.181	0.377
83.9	0.182	0.379
83.9	0.183	0.381
83.9	0.184	0.384
83.9	0.185	0.385
83.9	0.185	0.386
83.9	0.186	0.387
83.9	0.186	0.388
83.9	0.187	0.389
83.9	0.187	0.39
83.9	0.188	0.391
83.9	0.189	0.393
83.9	0.189	0.394
83.9	0.19	0.396
84	0.192	0.399
84	0.193	0.401
84	0.194	0.404
84	0.195	0.406
84	0.196	0.409
84	0.198	0.411
84.1	0.199	0.414
84.1	0.2	0.417
84.1	0.201	0.419
84.1	0.203	0.422
84.2	0.204	0.425
84.2	0.205	0.427
84.2	0.206	0.43
84.3	0.208	0.433
84.3	0.209	0.436
84.4	0.21	0.438
84.4	0.211	0.44
84.4	0.211	0.441
84.4	0.212	0.441
84.5	0.212	0.443
84.5	0.213	0.445
84.6	0.214	0.447
84.6	0.215	0.447
84.7	0.216	0.45
84.7	0.217	0.452
84.8	0.218	0.455
84.9	0.22	0.458
85	0.221	0.46
85	0.222	0.462
85.1	0.223	0.465
85.2	0.224	0.468
85.3	0.225	0.47
85.4	0.228	0.475
85.5	0.229	0.478
85.6	0.229	0.478
85.7	0.23	0.48
85.8	0.231	0.483
85.9	0.233	0.486
86	0.234	0.488
86.1	0.235	0.491
86.2	0.236	0.493
86.4	0.238	0.496
86.5	0.239	0.499
86.6	0.24	0.501
86.8	0.241	0.504
86.9	0.242	0.506
87	0.243	0.508
87.2	0.245	0.511
87.4	0.244	0.51
87.5	0.246	0.512
87.7	0.247	0.515
87.9	0.248	0.517
88	0.249	0.519
88.2	0.25	0.521
88.3	0.251	0.524
88.5	0.252	0.526
88.7	0.253	0.528
88.9	0.254	0.53
89.1	0.255	0.532
89.3	0.256	0.535
89.5	0.257	0.537
89.7	0.258	0.539
89.9	0.259	0.541
90.1	0.26	0.543
90.3	0.261	0.545
90.5	0.262	0.548
90.8	0.263	0.55
91	0.264	0.552
91.2	0.265	0.554
91.4	0.264	0.551
91.7	0.265	0.553
92	0.266	0.555
92.2	0.267	0.557
92.5	0.268	0.559
92.8	0.269	0.561
93	0.27	0.563
93.3	0.271	0.565
93.6	0.271	0.567
93.9	0.272	0.568
94.2	0.273	0.57
94.5	0.274	0.572
94.8	0.275	0.574
95.1	0.275	0.575
95.4	0.276	0.577
95.7	0.277	0.579
96	0.278	0.58
96.3	0.278	0.582
96.6	0.279	0.583
97	0.28	0.585
97.3	0.28	0.586
97.6	0.281	0.588
98	0.282	0.589
98.3	0.282	0.591
98.7	0.283	0.592
99	0.283	0.591
99.4	0.283	0.592
99.7	0.284	0.593
100	0.284	0.595
100	0.285	0.596
101	0.285	0.597
101	0.286	0.598
102	0.287	0.599
102	0.287	0.601
102	0.287	0.602
103	0.288	0.602
103	0.288	0.603
103	0.288	0.603
103	0.288	0.603
103	0.288	0.604
103	0.288	0.604
104	0.289	0.605
104	0.289	0.606
104	0.29	0.607
105	0.29	0.608
105	0.29	0.609
106	0.291	0.609
106	0.291	0.61
106	0.292	0.611
107	0.292	0.612
107	0.292	0.613
108	0.293	0.614
108	0.293	0.614
109	0.293	0.615
109	0.294	0.616
109	0.294	0.617
110	0.294	0.617
110	0.293	0.615
111	0.294	0.615
111	0.294	0.616
112	0.294	0.617
112	0.294	0.617
113	0.294	0.617
113	0.294	0.618
113	0.294	0.618
113	0.295	0.618
113	0.295	0.618
113	0.295	0.618
113	0.295	0.618
113	0.295	0.618
113	0.295	0.618
113	0.295	0.618
113	0.295	0.619
114	0.295	0.619
114	0.295	0.619
114	0.295	0.619
114	0.295	0.619
114	0.295	0.619
114	0.295	0.619
114	0.295	0.619
114	0.295	0.619
114	0.295	0.619
114	0.295	0.619
114	0.295	0.619
114	0.295	0.619
114	0.295	0.62
114	0.295	0.62
114	0.295	0.62
115	0.295	0.62
115	0.295	0.62
115	0.295	0.62
115	0.295	0.62
115	0.295	0.62
115	0.295	0.62
115	0.295	0.62
115	0.296	0.621
115	0.296	0.621
116	0.296	0.621
116	0.296	0.621
117	0.296	0.622
117	0.296	0.622
117	0.296	0.623
117	0.296	0.623
117	0.296	0.623
118	0.296	0.623
118	0.296	0.623
118	0.296	0.623
118	0.296	0.623
118	0.296	0.623
118	0.296	0.623
118	0.296	0.623
118	0.297	0.623
118	0.297	0.624
119	0.297	0.624
119	0.297	0.624
120	0.295	0.62
120	0.295	0.62
121	0.296	0.621
121	0.296	0.621
122	0.296	0.622
122	0.296	0.622
122	0.296	0.622
122	0.296	0.622
123	0.296	0.623
123	0.296	0.623
123	0.296	0.623
124	0.297	0.624
124	0.297	0.624
125	0.297	0.625
125	0.297	0.625
126	0.297	0.626
126	0.297	0.626
126	0.298	0.627
127	0.298	0.627
127	0.296	0.623
128	0.296	0.623
128	0.297	0.624
128	0.297	0.625
129	0.297	0.626
129	0.297	0.627
130	0.298	0.628
130	0.298	0.629
130	0.299	0.63
131	0.299	0.631
131	0.3	0.633
131	0.3	0.635
131	0.301	0.637
131	0.3	0.633
132	0.301	0.635
132	0.301	0.637
132	0.302	0.64
132	0.303	0.642
132	0.304	0.645
133	0.305	0.647
133	0.306	0.65
133	0.307	0.652
133	0.308	0.655
134	0.308	0.657
134	0.309	0.659
134	0.31	0.662
134	0.309	0.658
134	0.31	0.66
135	0.311	0.662
135	0.312	0.665
135	0.312	0.667
135	0.313	0.669
135	0.314	0.672
136	0.315	0.674
136	0.315	0.675
136	0.315	0.676
136	0.316	0.677
136	0.316	0.677
136	0.316	0.678
136	0.316	0.679
136	0.317	0.679
136	0.317	0.68
136	0.317	0.681
136	0.317	0.681
136	0.317	0.682
136	0.318	0.682
136	0.318	0.683
136	0.318	0.684
136	0.318	0.684
136	0.319	0.685
137	0.317	0.679
137	0.317	0.68
137	0.317	0.68
137	0.317	0.681
137	0.318	0.681
137	0.318	0.682
137	0.318	0.683
137	0.318	0.683
137	0.318	0.684
137	0.319	0.685
137	0.319	0.686
137	0.319	0.686
137	0.319	0.687
137	0.32	0.688
137	0.32	0.688
137	0.32	0.689
137	0.32	0.689
137	0.32	0.69
138	0.321	0.691
138	0.321	0.691
138	0.321	0.692
138	0.321	0.693
138	0.322	0.694
138	0.322	0.694
138	0.322	0.695
138	0.322	0.696
138	0.323	0.696
138	0.323	0.697
138	0.323	0.698
138	0.323	0.698
138	0.324	0.699
138	0.324	0.7
138	0.324	0.701
138	0.324	0.702
139	0.325	0.702
139	0.325	0.703
139	0.325	0.704
139	0.325	0.704
139	0.326	0.705
139	0.326	0.706
139	0.326	0.707
139	0.327	0.71
139	0.326	0.707
140	0.327	0.71
140	0.328	0.713
140	0.329	0.715
140	0.33	0.718
141	0.331	0.721
141	0.332	0.723
141	0.333	0.726
141	0.334	0.729
141	0.335	0.732
142	0.335	0.734
142	0.336	0.737
142	0.336	0.735
142	0.337	0.737
143	0.337	0.74
143	0.338	0.743
143	0.339	0.746
143	0.34	0.748
144	0.341	0.751
144	0.338	0.743
144	0.339	0.745
144	0.34	0.748
145	0.341	0.751
145	0.342	0.754
145	0.343	0.757
145	0.344	0.759
145	0.345	0.762
146	0.346	0.765
146	0.346	0.768
146	0.345	0.763
146	0.346	0.766
147	0.347	0.769
147	0.35	0.779
147	0.351	0.782
147	0.352	0.785
148	0.35	0.78
148	0.351	0.783
148	0.352	0.786
148	0.353	0.789
149	0.354	0.792
149	0.355	0.795
149	0.356	0.798
149	0.357	0.801
150	0.358	0.804
150	0.359	0.807
150	0.357	0.801
150	0.358	0.804
150	0.359	0.807
151	0.36	0.81
151	0.361	0.813
151	0.362	0.816
151	0.362	0.819
152	0.363	0.822
152	0.364	0.825
152	0.365	0.828
152	0.364	0.823
153	0.364	0.826
153	0.365	0.829
153	0.366	0.832
153	0.367	0.834
153	0.367	0.835
154	0.368	0.837
154	0.368	0.838
154	0.369	0.84
154	0.369	0.841
154	0.37	0.843
154	0.37	0.845
154	0.371	0.846
154	0.371	0.848
155	0.371	0.849
155	0.372	0.85
155	0.372	0.851
155	0.372	0.852
155	0.373	0.853
155	0.373	0.854
155	0.373	0.855
155	0.373	0.857
155	0.373	0.853
155	0.373	0.854
155	0.373	0.856
156	0.374	0.858
156	0.375	0.861
156	0.376	0.864
156	0.377	0.867
157	0.377	0.871
157	0.378	0.874
157	0.379	0.877
157	0.38	0.88
158	0.38	0.879
158	0.381	0.882
158	0.382	0.885
158	0.383	0.889
159	0.383	0.892
159	0.384	0.895
159	0.385	0.898
159	0.384	0.892
160	0.384	0.895
160	0.385	0.898
160	0.386	0.901
160	0.387	0.905
161	0.388	0.908
161	0.389	0.911
161	0.389	0.913
161	0.39	0.914
161	0.391	0.917
161	0.391	0.921
162	0.39	0.914
162	0.391	0.917
162	0.391	0.92
162	0.392	0.924
163	0.39	0.916
163	0.391	0.92
163	0.392	0.923
163	0.393	0.926
164	0.394	0.93
164	0.395	0.933
164	0.396	0.936
164	0.395	0.934
165	0.396	0.938
165	0.397	0.941
165	0.397	0.939
165	0.398	0.943
166	0.398	0.946
166	0.397	0.938
166	0.397	0.942
166	0.398	0.945
167	0.396	0.937
167	0.397	0.94
167	0.398	0.944
167	0.399	0.946
167	0.399	0.948
168	0.4	0.95
168	0.388	0.902
168	0.388	0.905
168	0.389	0.908
169	0.39	0.912
169	0.391	0.915
169	0.392	0.918
169	0.393	0.922
170	0.394	0.925
170	0.395	0.929
170	0.396	0.932
170	0.397	0.936
171	0.397	0.939
171	0.398	0.943
171	0.399	0.946
171	0.4	0.949
172	0.401	0.953
172	0.402	0.956
172	0.403	0.96
172	0.404	0.963
173	0.405	0.967
173	0.406	0.971
173	0.406	0.974
173	0.407	0.978
173	0.408	0.981
174	0.409	0.985
174	0.41	0.987
174	0.41	0.989
174	0.411	0.991
174	0.411	0.992
174	0.411	0.994
174	0.412	0.995
175	0.413	0.998
175	0.413	1
175	0.414	1
175	0.415	1.01
176	0.416	1.01
176	0.417	1.02
176	0.418	1.02
176	0.419	1.02
176	0.419	1.03
177	0.42	1.03
177	0.421	1.03
177	0.422	1.04
177	0.423	1.04
178	0.424	1.04
178	0.425	1.05
178	0.425	1.05
178	0.426	1.05
178	0.427	1.06
179	0.428	1.06
179	0.429	1.07
179	0.43	1.07
179	0.431	1.07
180	0.431	1.08
180	0.432	1.08
180	0.433	1.08
180	0.434	1.09
180	0.435	1.09
181	0.436	1.1
181	0.436	1.1
181	0.437	1.1
181	0.438	1.11
182	0.439	1.11
182	0.44	1.11
182	0.441	1.12
182	0.442	1.12
182	0.443	1.13
183	0.443	1.13
183	0.444	1.13
183	0.445	1.14
183	0.446	1.14
184	0.447	1.14
184	0.448	1.15
184	0.448	1.15
184	0.449	1.16
184	0.45	1.16
185	0.451	1.16
185	0.452	1.17
185	0.453	1.17
185	0.454	1.18
186	0.454	1.18
186	0.455	1.18
186	0.456	1.19
186	0.457	1.19
186	0.458	1.2
187	0.459	1.2
187	0.46	1.21
187	0.461	1.21
187	0.462	1.21
187	0.462	1.22
188	0.463	1.22
188	0.464	1.23
188	0.465	1.23
188	0.466	1.23
189	0.467	1.24
189	0.468	1.24
189	0.469	1.25
189	0.469	1.25
189	0.47	1.25
190	0.471	1.26
190	0.472	1.26
190	0.473	1.27
190	0.473	1.27
190	0.474	1.28
191	0.475	1.28
191	0.476	1.28
191	0.477	1.29
191	0.478	1.29
191	0.479	1.3
192	0.479	1.3
192	0.48	1.31
192	0.481	1.31
192	0.482	1.31
193	0.483	1.32
193	0.483	1.32
193	0.484	1.33
193	0.485	1.33
193	0.486	1.34
194	0.487	1.34
194	0.488	1.34
194	0.489	1.35
194	0.489	1.35
194	0.49	1.36
195	0.491	1.36
195	0.492	1.37
195	0.493	1.37
195	0.494	1.38
195	0.494	1.38
195	0.495	1.38
196	0.496	1.39
196	0.497	1.39
196	0.497	1.4
196	0.498	1.4
197	0.499	1.41
197	0.5	1.41
197	0.501	1.41
197	0.501	1.42
197	0.502	1.42
197	0.503	1.43
198	0.504	1.43
198	0.505	1.44
198	0.505	1.44
198	0.506	1.45
198	0.507	1.45
199	0.508	1.45
199	0.509	1.46
199	0.509	1.46
199	0.51	1.47
199	0.511	1.47
200	0.512	1.48
200	0.513	1.48
200	0.513	1.48
200	0.514	1.49
200	0.515	1.49
200	0.516	1.5
201	0.516	1.5
201	0.517	1.51
201	0.518	1.51
201	0.519	1.52
201	0.52	1.52
202	0.52	1.52
202	0.521	1.53
202	0.522	1.53
202	0.523	1.54
202	0.523	1.54
202	0.524	1.55
203	0.525	1.55
203	0.526	1.56
203	0.526	1.56
203	0.527	1.56
203	0.528	1.57
203	0.529	1.57
204	0.529	1.58
204	0.53	1.58
204	0.531	1.59
204	0.531	1.59
204	0.532	1.6
205	0.533	1.6
205	0.534	1.6
205	0.534	1.61
205	0.535	1.61
205	0.536	1.62
205	0.536	1.62
206	0.537	1.63
206	0.538	1.63
206	0.539	1.63
206	0.539	1.64
206	0.54	1.64
206	0.541	1.65
206	0.541	1.65
207	0.542	1.66
207	0.543	1.66
207	0.543	1.66
207	0.544	1.67
207	0.545	1.67
207	0.546	1.68
208	0.546	1.68
208	0.547	1.69
208	0.548	1.69
208	0.548	1.69
208	0.549	1.7
208	0.55	1.7
209	0.55	1.71
209	0.551	1.71
209	0.552	1.72
209	0.552	1.72
209	0.553	1.72
209	0.554	1.73
209	0.554	1.73
210	0.555	1.74
210	0.556	1.74
210	0.556	1.74
210	0.557	1.75
210	0.558	1.75
210	0.558	1.76
210	0.559	1.76
211	0.56	1.77
211	0.56	1.77
211	0.561	1.77
211	0.561	1.78
211	0.562	1.78
211	0.563	1.79
212	0.563	1.79
212	0.564	1.79
212	0.565	1.8
212	0.565	1.8
212	0.566	1.81
212	0.566	1.81
212	0.567	1.81
213	0.568	1.82
213	0.568	1.82
213	0.569	1.83
213	0.57	1.83
213	0.57	1.83
213	0.571	1.84
213	0.571	1.84
213	0.572	1.85
214	0.573	1.85
214	0.573	1.85
214	0.574	1.86
214	0.574	1.86
214	0.575	1.87
214	0.576	1.87
214	0.576	1.87
215	0.577	1.88
215	0.578	1.88
215	0.578	1.89
215	0.619	2.12
215	0.619	2.12
215	0.619	2.13
215	0.619	2.13
215	0.619	2.13
215	0.619	2.13
216	0.619	2.13
216	0.619	2.13
216	0.619	2.13
216	0.619	2.13
216	0.619	2.14
216	0.62	2.14
216	0.62	2.14
217	0.62	2.14
217	0.62	2.14
217	0.62	2.14
217	0.62	2.14
217	0.62	2.14
217	0.62	2.15
217	0.62	2.15
217	0.62	2.15
217	0.62	2.15
218	0.62	2.15
218	0.621	2.15
218	0.621	2.15
218	0.621	2.15
218	0.621	2.16
218	0.621	2.16
218	0.621	2.16
218	0.622	2.16
218	0.622	2.16
219	0.622	2.16
219	0.622	2.16
219	0.622	2.17
219	0.622	2.17
219	0.622	2.17
219	0.622	2.17
219	0.622	2.17
219	0.622	2.17
219	0.622	2.17
220	0.623	2.17
220	0.623	2.18
220	0.623	2.18
220	0.623	2.18
220	0.623	2.18
220	0.624	2.18
220	0.624	2.18
220	0.624	2.18
220	0.624	2.19
221	0.624	2.19
221	0.624	2.19
221	0.624	2.19
221	0.625	2.19
221	0.625	2.19
221	0.625	2.19
221	0.625	2.19
221	0.625	2.2
221	0.625	2.2
221	0.625	2.2
221	0.625	2.2
222	0.626	2.2
222	0.626	2.2
222	0.626	2.2
222	0.626	2.21
222	0.626	2.21
222	0.627	2.21
222	0.627	2.21
222	0.627	2.21
222	0.627	2.21
222	0.627	2.21
222	0.627	2.21
222	0.628	2.22
223	0.628	2.22
223	0.628	2.22
223	0.628	2.22
223	0.628	2.22
223	0.628	2.22
223	0.628	2.22
223	0.629	2.22
223	0.629	2.22
223	0.629	2.23
223	0.629	2.23
223	0.629	2.23
223	0.629	2.23
223	0.63	2.23
223	0.63	2.23
223	0.63	2.23
223	0.63	2.23
223	0.63	2.24
223	0.63	2.24
224	0.631	2.24
224	0.631	2.24
224	0.631	2.24
224	0.631	2.24
224	0.632	2.25
224	0.632	2.25
224	0.632	2.25
224	0.632	2.25
224	0.632	2.25
224	0.632	2.25
224	0.633	2.25
224	0.633	2.25
224	0.633	2.26
225	0.633	2.26
225	0.634	2.26
225	0.634	2.26
225	0.634	2.26
225	0.634	2.26
225	0.635	2.27
225	0.635	2.27
225	0.635	2.27
225	0.635	2.27
225	0.635	2.27
225	0.636	2.27
225	0.636	2.27
225	0.636	2.27
225	0.636	2.27
225	0.637	2.28
225	0.637	2.28
225	0.637	2.28
225	0.637	2.28
225	0.638	2.28
225	0.638	2.28
225	0.638	2.28
225	0.638	2.28
225	0.639	2.29
225	0.639	2.29
225	0.639	2.29
224	0.639	2.29
224	0.64	2.29
223	0.64	2.28
223	0.64	2.28
222	0.64	2.28
222	0.64	2.28
221	0.641	2.28
221	0.641	2.28
221	0.641	2.28
221	0.641	2.28
220	0.642	2.27
220	0.642	2.27
220	0.642	2.27
219	0.642	2.27
219	0.643	2.28
220	0.643	2.28
220	0.643	2.28
220	0.644	2.29
221	0.644	2.29
221	0.644	2.3
222	0.644	2.3
222	0.645	2.3
222	0.645	2.31
222	0.645	2.31
222	0.645	2.31
222	0.646	2.31
222	0.646	2.31
221	0.646	2.31
221	0.646	2.31
221	0.646	2.31
221	0.647	2.31
220	0.647	2.31
220	0.647	2.31
220	0.647	2.31
220	0.648	2.31
219	0.648	2.31
219	0.648	2.31
219	0.649	2.31
219	0.649	2.32
219	0.649	2.32
220	0.649	2.32
220	0.65	2.32
219	0.65	2.32
219	0.65	2.32
219	0.651	2.33
219	0.651	2.33
219	0.651	2.33
218	0.651	2.33
218	0.651	2.32
218	0.652	2.32
217	0.652	2.32
217	0.652	2.32
217	0.652	2.32
217	0.653	2.32
217	0.653	2.32
217	0.653	2.33
217	0.654	2.33
217	0.654	2.33
217	0.654	2.33
217	0.654	2.34
217	0.655	2.34
217	0.655	2.34
218	0.655	2.35
218	0.656	2.35
218	0.656	2.35
218	0.656	2.35
217	0.656	2.35
217	0.656	2.35
217	0.657	2.35
216	0.657	2.35
216	0.657	2.35
216	0.657	2.35
216	0.658	2.35
215	0.658	2.35
215	0.658	2.35
215	0.658	2.35
215	0.659	2.35
215	0.659	2.36
215	0.659	2.36
215	0.659	2.36
215	0.66	2.36
215	0.66	2.36
215	0.66	2.36
215	0.661	2.37
215	0.661	2.37
215	0.661	2.37
215	0.661	2.37
215	0.662	2.37
215	0.662	2.37
215	0.662	2.37
215	0.662	2.37
214	0.663	2.38
214	0.663	2.38
215	0.663	2.38
215	0.663	2.38
215	0.664	2.39
215	0.664	2.39
215	0.664	2.39
215	0.664	2.39
216	0.665	2.4
216	0.665	2.4
216	0.665	2.4
216	0.665	2.4
216	0.666	2.41
216	0.666	2.41
215	0.666	2.4
215	0.666	2.4
214	0.666	2.4
214	0.666	2.4
214	0.667	2.4
214	0.667	2.4
214	0.667	2.4
214	0.667	2.4
214	0.668	2.41
214	0.668	2.41
214	0.668	2.41
215	0.669	2.42
215	0.669	2.42
215	0.669	2.42
215	0.669	2.43
215	0.669	2.43
215	0.67	2.43
215	0.67	2.43
215	0.67	2.43
215	0.67	2.44
215	0.671	2.44
215	0.671	2.44
215	0.671	2.44
215	0.671	2.44
215	0.672	2.44
215	0.672	2.45
215	0.672	2.45
215	0.672	2.45
215	0.672	2.45
215	0.673	2.45
215	0.673	2.45
215	0.673	2.45
215	0.673	2.45
215	0.674	2.46
215	0.674	2.46
215	0.674	2.46
214	0.674	2.45
214	0.675	2.45
214	0.674	2.45
213	0.675	2.45
213	0.675	2.45
214	0.675	2.46
214	0.675	2.46
214	0.676	2.47
215	0.676	2.47
215	0.676	2.47
215	0.676	2.47
214	0.676	2.47
214	0.676	2.47
214	0.677	2.47
214	0.677	2.48
214	0.677	2.48
214	0.677	2.48
214	0.678	2.48
214	0.678	2.48
214	0.678	2.48
214	0.678	2.48
214	0.678	2.49
214	0.679	2.49
214	0.679	2.49
214	0.679	2.49
214	0.679	2.49
214	0.68	2.5
214	0.68	2.5
214	0.68	2.5
214	0.68	2.5
214	0.68	2.5
214	0.68	2.5
214	0.681	2.5
214	0.681	2.5
213	0.681	2.5
213	0.681	2.5
213	0.681	2.5
213	0.681	2.5
213	0.682	2.5
213	0.682	2.5
213	0.682	2.51
213	0.682	2.51
214	0.683	2.51
214	0.683	2.51
214	0.683	2.52
214	0.683	2.52
214	0.683	2.52
214	0.684	2.52
214	0.684	2.52
214	0.684	2.53
214	0.684	2.53
214	0.684	2.53
215	0.685	2.54
215	0.685	2.54
215	0.685	2.54
215	0.685	2.54
215	0.685	2.54
215	0.685	2.54
215	0.686	2.54
215	0.686	2.55
215	0.686	2.55
215	0.686	2.55
215	0.686	2.55
215	0.687	2.55
215	0.687	2.55
215	0.687	2.56
215	0.687	2.56
215	0.687	2.56
215	0.687	2.56
215	0.688	2.56
215	0.688	2.57
216	0.688	2.57
216	0.688	2.57
216	0.688	2.57
216	0.689	2.58
216	0.689	2.58
216	0.689	2.58
216	0.689	2.58
215	0.689	2.57
215	0.689	2.57
215	0.689	2.57
215	0.689	2.57
215	0.69	2.58
215	0.69	2.58
216	0.69	2.59
216	0.69	2.59
216	0.69	2.59
216	0.69	2.59
216	0.69	2.59
215	0.691	2.59
215	0.691	2.58
215	0.691	2.59
215	0.691	2.59
215	0.691	2.59
216	0.692	2.6
216	0.692	2.6
216	0.692	2.61
216	0.692	2.61
216	0.692	2.61
216	0.692	2.61
216	0.693	2.61
217	0.693	2.61
217	0.693	2.62
217	0.693	2.62
217	0.693	2.62
217	0.693	2.62
217	0.694	2.62
217	0.694	2.63
217	0.694	2.63
217	0.694	2.63
217	0.694	2.63
217	0.694	2.63
217	0.695	2.64
218	0.695	2.64
218	0.695	2.64
218	0.695	2.64
218	0.695	2.64
217	0.695	2.64
217	0.695	2.64
217	0.695	2.64
217	0.695	2.64
217	0.695	2.64
216	0.695	2.63
216	0.696	2.63
216	0.696	2.63
216	0.696	2.64
216	0.696	2.64
216	0.696	2.64
216	0.696	2.64
216	0.697	2.64
216	0.697	2.65
216	0.697	2.65
217	0.697	2.65
217	0.697	2.65
217	0.698	2.66
217	0.698	2.66
218	0.698	2.66
218	0.698	2.67
218	0.698	2.67
218	0.698	2.68
219	0.698	2.68
219	0.699	2.68
219	0.699	2.68
219	0.699	2.68
219	0.699	2.68
219	0.699	2.68
218	0.699	2.68
218	0.699	2.68
218	0.699	2.68
218	0.7	2.69
218	0.7	2.69
219	0.7	2.69
219	0.7	2.69
219	0.7	2.69
219	0.7	2.7
219	0.7	2.7
219	0.701	2.7
219	0.701	2.7
219	0.701	2.7
219	0.701	2.71
220	0.701	2.71
220	0.701	2.71
220	0.701	2.71
220	0.702	2.71
220	0.702	2.72
220	0.702	2.72
220	0.702	2.72
220	0.702	2.72
220	0.702	2.72
220	0.702	2.72
220	0.702	2.72
220	0.702	2.72
220	0.703	2.73
220	0.703	2.73
220	0.703	2.73
220	0.703	2.73
220	0.703	2.73
220	0.703	2.73
220	0.703	2.74
221	0.704	2.74
221	0.704	2.74
221	0.704	2.74
221	0.704	2.75
221	0.704	2.75
221	0.704	2.75
221	0.704	2.75
221	0.705	2.75
221	0.705	2.76
221	0.705	2.76
221	0.705	2.76
221	0.705	2.76
221	0.705	2.76
221	0.705	2.76
221	0.705	2.76
221	0.705	2.76
221	0.705	2.76
221	0.705	2.76
221	0.706	2.76
221	0.706	2.76
221	0.706	2.76
221	0.706	2.76
221	0.706	2.76
221	0.706	2.76
221	0.706	2.76
221	0.706	2.76
221	0.706	2.76
221	0.706	2.76
221	0.706	2.77
221	0.707	2.77
221	0.707	2.77
221	0.707	2.77
221	0.707	2.77
221	0.707	2.77
221	0.707	2.77
221	0.707	2.77
221	0.707	2.78
221	0.707	2.78
221	0.708	2.78
221	0.708	2.78
222	0.708	2.79
222	0.708	2.79
222	0.708	2.79
222	0.708	2.79
222	0.708	2.8
222	0.708	2.8
222	0.709	2.8
223	0.709	2.8
223	0.709	2.81
223	0.709	2.81
223	0.709	2.81
223	0.709	2.81
223	0.709	2.82
223	0.709	2.82
224	0.71	2.82
224	0.71	2.82
224	0.71	2.82
224	0.71	2.83
224	0.71	2.83
224	0.71	2.83
224	0.71	2.83
224	0.71	2.84
225	0.71	2.84
225	0.711	2.84
225	0.711	2.84
225	0.711	2.84
225	0.711	2.84
224	0.711	2.84
224	0.711	2.84
224	0.711	2.83
223	0.711	2.83
223	0.711	2.83
223	0.711	2.83
223	0.711	2.83
223	0.711	2.83
223	0.711	2.83
223	0.711	2.83
223	0.711	2.83
223	0.711	2.84
224	0.712	2.84
224	0.712	2.84
224	0.712	2.84
224	0.712	2.84
224	0.712	2.85
224	0.712	2.85
224	0.712	2.85
224	0.712	2.85
224	0.712	2.85
224	0.712	2.86
225	0.713	2.86
225	0.713	2.86
225	0.713	2.86
225	0.713	2.86
225	0.713	2.86
225	0.713	2.87
225	0.713	2.87
225	0.713	2.87
225	0.713	2.87
225	0.713	2.87
225	0.713	2.87
225	0.714	2.87
225	0.714	2.88
225	0.714	2.88
225	0.714	2.88
225	0.714	2.88
225	0.714	2.88
225	0.714	2.88
226	0.714	2.88
226	0.714	2.88
226	0.714	2.88
226	0.714	2.89
226	0.714	2.89
226	0.715	2.89
226	0.715	2.89
226	0.715	2.89
226	0.715	2.89
226	0.715	2.89
226	0.715	2.89
226	0.715	2.89
226	0.715	2.89
226	0.715	2.89
