2.54	0.372	0.655
2.62	0.367	0.648
2.7	0.363	0.642
2.78	0.358	0.635
2.86	0.354	0.629
2.94	0.349	0.623
3	0.344	0.615
2.94	0.318	0.58
3.13	0.308	0.563
3.22	0.302	0.556
3.33	0.298	0.548
3.43	0.293	0.541
3.54	0.289	0.535
3.65	0.285	0.529
3.76	0.282	0.524
3.87	0.279	0.519
3.98	0.276	0.515
4.09	0.273	0.511
4.19	0.271	0.508
4.29	0.27	0.506
4.37	0.269	0.505
4.44	0.269	0.506
4.5	0.27	0.508
4.55	0.271	0.512
4.59	0.274	0.517
4.62	0.277	0.524
4.65	0.281	0.532
4.67	0.286	0.542
4.68	0.292	0.554
4.69	0.299	0.569
4.68	0.308	0.585
4.67	0.311	0.607
4.66	0.321	0.628
4.63	0.333	0.652
4.6	0.347	0.679
4.57	0.362	0.71
4.53	0.378	0.744
4.48	0.397	0.782
4.44	0.418	0.823
4.4	0.441	0.869
4.37	0.465	0.918
4.34	0.492	0.972
4.33	0.517	1.02
4.33	0.546	1.08
4.36	0.573	1.14
4.4	0.599	1.19
4.47	0.621	1.23
4.55	0.641	1.27
4.64	0.657	1.31
4.75	0.671	1.33
4.86	0.682	1.36
4.98	0.692	1.38
5.12	0.701	1.4
5.26	0.708	1.41
5.4	0.713	1.43
5.56	0.718	1.44
5.72	0.722	1.45
5.89	0.725	1.46
6.06	0.727	1.46
6.23	0.73	1.47
6.42	0.732	1.48
6.6	0.733	1.48
6.79	0.734	1.49
6.99	0.735	1.49
7.18	0.735	1.49
7.38	0.736	1.5
7.58	0.736	1.5
7.77	0.736	1.5
7.96	0.736	1.5
8.13	0.736	1.51
8.3	0.736	1.51
8.46	0.736	1.51
8.62	0.736	1.51
8.77	0.735	1.51
8.92	0.735	1.51
9.06	0.735	1.51
9.2	0.735	1.52
9.34	0.734	1.52
9.47	0.734	1.52
9.59	0.734	1.52
9.72	0.733	1.52
9.84	0.733	1.52
9.96	0.733	1.52
10.1	0.733	1.52
10.2	0.733	1.52
10.3	0.732	1.52
10.4	0.732	1.52
10.5	0.732	1.52
10.6	0.731	1.52
10.7	0.731	1.52
10.8	0.731	1.52
10.9	0.731	1.53
11	0.73	1.53
11.1	0.73	1.53
11.2	0.73	1.53
11.3	0.73	1.53
11.4	0.729	1.53
11.4	0.729	1.53
11.5	0.729	1.53
11.6	0.728	1.53
11.7	0.728	1.53
11.8	0.728	1.53
11.9	0.728	1.53
11.9	0.727	1.53
12	0.727	1.53
12.1	0.727	1.53
12.2	0.726	1.53
12.2	0.726	1.53
12.3	0.726	1.53
12.3	0.726	1.53
12.4	0.726	1.53
12.5	0.726	1.53
12.5	0.725	1.53
12.6	0.729	1.54
12.6	0.725	1.53
12.7	0.724	1.53
12.8	0.724	1.53
12.9	0.724	1.53
13	0.724	1.53
13.1	0.723	1.53
13.1	0.723	1.53
13.2	0.723	1.53
13.3	0.722	1.53
13.4	0.722	1.53
13.4	0.722	1.53
13.5	0.722	1.54
13.6	0.722	1.54
13.6	0.721	1.54
13.7	0.721	1.54
13.8	0.721	1.54
13.8	0.721	1.54
13.9	0.72	1.54
13.9	0.72	1.54
14	0.72	1.54
14.1	0.72	1.54
14.1	0.72	1.54
14.2	0.719	1.54
14.2	0.719	1.54
14.3	0.719	1.54
14.3	0.719	1.54
14.4	0.719	1.54
14.5	0.718	1.54
14.5	0.718	1.54
14.6	0.718	1.54
14.6	0.718	1.54
14.7	0.718	1.54
14.7	0.718	1.54
14.8	0.717	1.54
14.8	0.717	1.54
14.9	0.717	1.54
14.9	0.717	1.54
15	0.717	1.54
15	0.717	1.54
15.1	0.716	1.54
15.1	0.716	1.54
15.2	0.716	1.54
15.2	0.716	1.54
15.3	0.716	1.54
15.3	0.716	1.54
15.4	0.716	1.54
15.4	0.715	1.54
15.5	0.715	1.54
15.5	0.715	1.54
15.6	0.715	1.54
15.6	0.715	1.54
15.7	0.715	1.54
15.7	0.715	1.54
15.8	0.715	1.54
15.8	0.715	1.54
15.8	0.715	1.54
15.9	0.715	1.54
15.9	0.715	1.55
15.9	0.715	1.55
16	0.715	1.55
16	0.715	1.55
16	0.715	1.55
16	0.715	1.55
16.1	0.715	1.55
16.1	0.715	1.55
16.1	0.715	1.55
16.1	0.715	1.55
16.1	0.715	1.55
16.1	0.715	1.55
16.1	0.716	1.55
16.1	0.716	1.55
16.1	0.716	1.55
16.1	0.716	1.55
16	0.716	1.55
16	0.716	1.55
16	0.717	1.55
16	0.717	1.55
15.9	0.717	1.55
15.9	0.717	1.56
15.9	0.718	1.56
15.8	0.718	1.56
15.8	0.718	1.56
15.8	0.72	1.56
15.7	0.718	1.56
15.7	0.718	1.56
15.6	0.718	1.56
15.6	0.719	1.56
15.6	0.718	1.56
15.5	0.719	1.56
15.5	0.719	1.56
15.4	0.719	1.56
15.4	0.719	1.56
15.3	0.719	1.56
15.2	0.719	1.56
15.2	0.719	1.56
15.1	0.719	1.55
15	0.719	1.55
14.9	0.719	1.55
14.8	0.727	1.58
14.7	0.723	1.57
14.7	0.72	1.56
14.6	0.717	1.55
14.5	0.717	1.55
14.5	0.717	1.55
14.7	0.717	1.55
14.8	0.717	1.55
14.9	0.717	1.55
14.9	0.716	1.55
15	0.716	1.55
15.1	0.716	1.55
15.1	0.715	1.55
15.2	0.715	1.55
15.3	0.715	1.55
15.4	0.715	1.55
15.4	0.714	1.55
15.5	0.714	1.55
15.6	0.713	1.55
15.6	0.713	1.55
15.7	0.713	1.55
15.7	0.713	1.55
15.8	0.712	1.55
15.9	0.712	1.55
15.9	0.712	1.55
16	0.711	1.55
16.1	0.711	1.55
16.1	0.711	1.55
16.2	0.711	1.55
16.3	0.71	1.55
16.3	0.71	1.55
16.4	0.71	1.55
16.5	0.709	1.55
16.5	0.709	1.55
16.6	0.709	1.55
16.7	0.709	1.55
16.7	0.708	1.55
16.8	0.708	1.55
16.8	0.708	1.55
16.9	0.707	1.55
17	0.707	1.55
17	0.707	1.55
17.1	0.706	1.55
17.2	0.706	1.55
17.2	0.706	1.55
17.3	0.705	1.55
17.3	0.705	1.55
17.4	0.705	1.55
17.5	0.705	1.55
17.5	0.704	1.55
17.6	0.704	1.55
17.7	0.704	1.55
17.7	0.704	1.55
17.8	0.703	1.55
17.8	0.703	1.55
17.9	0.703	1.55
18	0.702	1.55
18	0.702	1.55
18.1	0.702	1.55
18.1	0.702	1.55
18.2	0.701	1.55
18.3	0.701	1.55
18.3	0.701	1.54
18.4	0.701	1.55
18.4	0.7	1.55
18.5	0.7	1.55
18.6	0.7	1.55
18.6	0.699	1.54
18.7	0.699	1.54
18.7	0.699	1.54
18.8	0.699	1.54
18.9	0.698	1.54
18.9	0.698	1.54
19	0.698	1.54
19	0.697	1.54
19.1	0.697	1.54
19.1	0.697	1.54
19.2	0.697	1.54
19.3	0.696	1.54
19.3	0.696	1.54
19.4	0.696	1.54
19.4	0.696	1.54
19.5	0.695	1.54
19.5	0.695	1.54
19.6	0.695	1.54
19.7	0.695	1.54
19.7	0.694	1.54
19.8	0.694	1.54
19.8	0.694	1.54
19.9	0.694	1.54
19.9	0.693	1.54
20	0.693	1.54
20.1	0.693	1.54
20.1	0.692	1.54
20.2	0.692	1.54
20.2	0.692	1.54
20.3	0.691	1.54
20.4	0.691	1.54
20.4	0.691	1.54
20.5	0.691	1.54
20.5	0.691	1.54
20.6	0.69	1.54
20.6	0.69	1.54
20.7	0.69	1.54
20.8	0.69	1.54
20.8	0.689	1.54
20.9	0.689	1.54
20.9	0.689	1.54
21	0.689	1.54
21	0.688	1.54
21.1	0.688	1.54
21.2	0.688	1.54
21.2	0.688	1.54
21.3	0.687	1.54
21.3	0.687	1.54
21.4	0.687	1.54
21.4	0.687	1.54
21.5	0.686	1.54
21.5	0.686	1.54
21.6	0.686	1.54
21.7	0.686	1.54
21.7	0.685	1.54
21.8	0.685	1.54
21.8	0.685	1.54
21.9	0.685	1.54
21.9	0.684	1.54
22	0.684	1.54
22.1	0.684	1.54
22.1	0.684	1.54
22.2	0.683	1.54
22.2	0.683	1.54
22.3	0.683	1.54
22.3	0.683	1.54
22.4	0.682	1.54
22.5	0.682	1.54
22.5	0.682	1.54
22.6	0.682	1.54
22.6	0.681	1.54
22.7	0.681	1.54
22.7	0.681	1.54
22.8	0.681	1.54
22.9	0.68	1.54
22.9	0.68	1.54
23	0.68	1.54
23	0.679	1.54
23.1	0.679	1.54
23.1	0.679	1.54
23.2	0.679	1.54
23.2	0.679	1.54
23.3	0.678	1.54
23.3	0.678	1.54
23.4	0.678	1.54
23.5	0.678	1.54
23.5	0.677	1.54
23.6	0.677	1.54
23.6	0.677	1.54
23.7	0.677	1.54
23.7	0.677	1.54
23.8	0.676	1.54
23.8	0.676	1.54
23.9	0.676	1.54
24	0.676	1.54
24	0.675	1.54
24.1	0.675	1.54
24.1	0.675	1.54
24.2	0.675	1.54
24.2	0.675	1.54
24.3	0.674	1.54
24.3	0.674	1.54
24.4	0.674	1.53
24.5	0.674	1.54
24.5	0.673	1.53
24.6	0.673	1.53
24.6	0.673	1.53
24.7	0.673	1.53
24.7	0.672	1.53
24.8	0.672	1.53
24.8	0.672	1.53
24.9	0.672	1.53
25	0.671	1.53
25	0.671	1.53
25.1	0.671	1.53
25.1	0.671	1.53
25.2	0.671	1.53
25.2	0.67	1.53
25.3	0.67	1.53
25.3	0.67	1.53
25.4	0.67	1.53
25.4	0.67	1.53
25.5	0.669	1.53
25.6	0.669	1.53
25.6	0.669	1.53
25.7	0.669	1.53
25.7	0.668	1.53
25.8	0.668	1.53
25.8	0.668	1.53
25.9	0.668	1.53
25.9	0.667	1.53
26	0.667	1.53
26.1	0.667	1.53
26.1	0.667	1.53
26.2	0.666	1.53
26.2	0.666	1.53
26.3	0.666	1.53
26.3	0.666	1.53
26.4	0.666	1.53
26.4	0.666	1.53
26.5	0.665	1.53
26.5	0.665	1.53
26.6	0.665	1.53
26.7	0.664	1.53
26.7	0.664	1.53
26.8	0.664	1.53
26.8	0.664	1.53
26.9	0.664	1.53
26.9	0.664	1.53
27	0.663	1.53
27	0.663	1.53
27.1	0.663	1.53
27.1	0.663	1.53
27.2	0.662	1.53
27.2	0.662	1.53
27.3	0.662	1.53
27.4	0.662	1.53
27.4	0.661	1.53
27.5	0.661	1.53
27.5	0.661	1.53
27.6	0.661	1.53
27.6	0.661	1.53
27.7	0.66	1.53
27.7	0.66	1.53
27.8	0.66	1.53
27.8	0.66	1.53
27.9	0.66	1.53
28	0.659	1.53
28	0.659	1.53
28.1	0.659	1.53
28.1	0.659	1.53
28.2	0.659	1.53
28.2	0.658	1.53
28.3	0.658	1.53
28.3	0.658	1.53
28.4	0.658	1.53
28.4	0.658	1.53
28.5	0.657	1.53
28.5	0.657	1.53
28.6	0.657	1.53
28.7	0.657	1.53
28.7	0.657	1.53
28.8	0.656	1.53
28.8	0.656	1.53
28.9	0.656	1.53
28.9	0.656	1.53
29	0.655	1.53
29	0.655	1.53
29.1	0.655	1.53
29.1	0.655	1.53
29.2	0.655	1.53
29.2	0.655	1.53
29.3	0.654	1.53
29.4	0.654	1.53
29.4	0.654	1.53
29.5	0.654	1.53
29.5	0.654	1.53
29.6	0.653	1.53
29.6	0.653	1.53
29.7	0.653	1.53
29.7	0.653	1.53
29.8	0.652	1.53
29.8	0.652	1.53
29.9	0.652	1.53
29.9	0.652	1.53
30	0.652	1.53
30.1	0.652	1.53
30.1	0.651	1.53
30.2	0.651	1.53
30.2	0.651	1.53
30.3	0.651	1.53
30.3	0.65	1.53
30.4	0.65	1.53
30.4	0.65	1.53
30.5	0.65	1.53
30.5	0.65	1.53
30.6	0.649	1.53
30.7	0.649	1.53
30.7	0.649	1.53
30.8	0.649	1.53
30.8	0.648	1.53
30.9	0.649	1.53
30.9	0.648	1.53
31	0.648	1.53
31	0.648	1.53
31.1	0.648	1.53
31.1	0.648	1.53
31.2	0.647	1.53
31.2	0.647	1.53
31.3	0.647	1.53
31.3	0.647	1.53
31.4	0.647	1.53
31.5	0.646	1.53
31.5	0.646	1.53
31.6	0.646	1.53
31.6	0.646	1.53
31.7	0.646	1.53
31.7	0.645	1.53
31.8	0.645	1.53
31.8	0.645	1.53
31.9	0.645	1.53
31.9	0.645	1.53
32	0.644	1.53
32	0.644	1.53
32.1	0.644	1.53
32.1	0.644	1.53
32.2	0.644	1.53
32.3	0.643	1.53
32.3	0.643	1.53
32.4	0.643	1.53
32.4	0.643	1.53
32.5	0.643	1.53
32.5	0.643	1.53
32.6	0.642	1.53
32.6	0.642	1.53
32.7	0.642	1.53
32.7	0.642	1.53
32.8	0.641	1.53
32.8	0.641	1.53
32.9	0.641	1.53
33	0.641	1.53
33	0.641	1.53
33.1	0.641	1.53
33.1	0.641	1.53
33.2	0.64	1.53
33.2	0.64	1.52
33.3	0.64	1.53
33.3	0.64	1.53
33.4	0.639	1.52
33.4	0.639	1.52
33.5	0.639	1.52
33.5	0.639	1.53
33.6	0.639	1.52
33.7	0.639	1.52
33.7	0.638	1.52
33.8	0.638	1.52
33.8	0.638	1.53
33.9	0.638	1.52
33.9	0.638	1.52
34	0.637	1.52
34	0.637	1.52
34.1	0.637	1.52
34.1	0.637	1.52
34.2	0.637	1.52
34.2	0.637	1.52
34.3	0.636	1.53
34.3	0.636	1.52
34.4	0.636	1.52
34.5	0.636	1.52
34.5	0.636	1.52
34.6	0.636	1.52
34.6	0.635	1.52
34.7	0.635	1.52
34.7	0.635	1.52
34.8	0.635	1.52
34.8	0.635	1.52
34.9	0.634	1.52
34.9	0.634	1.52
35	0.634	1.52
35	0.634	1.52
35.1	0.634	1.52
35.1	0.633	1.52
35.2	0.633	1.52
35.2	0.633	1.52
35.3	0.633	1.52
35.3	0.633	1.52
35.4	0.633	1.52
35.5	0.632	1.52
35.5	0.632	1.52
35.6	0.632	1.52
35.6	0.632	1.52
35.7	0.632	1.52
35.7	0.631	1.52
35.8	0.631	1.52
35.8	0.631	1.52
35.9	0.631	1.52
35.9	0.631	1.52
36	0.631	1.52
36	0.63	1.52
36.1	0.63	1.52
36.2	0.63	1.52
36.2	0.63	1.52
36.3	0.63	1.52
36.3	0.629	1.52
36.4	0.629	1.52
36.4	0.629	1.52
36.5	0.629	1.52
36.5	0.629	1.52
36.6	0.629	1.52
36.6	0.629	1.52
36.7	0.628	1.52
36.7	0.628	1.52
36.8	0.628	1.52
36.8	0.628	1.52
36.9	0.628	1.52
36.9	0.628	1.52
37	0.627	1.52
37.1	0.627	1.52
37.1	0.627	1.52
37.2	0.627	1.52
37.2	0.627	1.52
37.3	0.627	1.52
37.3	0.626	1.52
37.4	0.626	1.52
37.4	0.626	1.52
37.5	0.626	1.52
37.5	0.626	1.52
37.6	0.625	1.52
37.6	0.625	1.52
37.7	0.625	1.52
37.7	0.625	1.52
37.8	0.625	1.52
37.8	0.625	1.52
37.9	0.624	1.52
37.9	0.624	1.52
38	0.624	1.52
38.1	0.624	1.52
38.1	0.624	1.52
38.2	0.623	1.52
38.2	0.623	1.52
38.3	0.623	1.52
38.3	0.623	1.52
38.4	0.623	1.52
38.4	0.623	1.52
38.5	0.623	1.52
38.5	0.622	1.52
38.6	0.622	1.52
38.6	0.622	1.52
38.7	0.622	1.52
38.7	0.622	1.52
38.8	0.622	1.52
38.9	0.621	1.52
38.9	0.621	1.52
39	0.621	1.52
39	0.621	1.52
39.1	0.621	1.52
39.1	0.621	1.52
39.2	0.62	1.52
39.2	0.62	1.52
39.3	0.62	1.52
39.3	0.62	1.52
39.4	0.62	1.52
39.4	0.62	1.52
39.5	0.619	1.52
39.5	0.619	1.52
39.6	0.619	1.52
39.6	0.619	1.52
39.7	0.619	1.52
39.7	0.618	1.52
39.8	0.619	1.52
39.8	0.618	1.52
39.9	0.618	1.52
40	0.618	1.52
40	0.618	1.52
40.1	0.618	1.52
40.1	0.618	1.52
40.2	0.617	1.52
40.2	0.617	1.52
40.3	0.617	1.52
40.3	0.617	1.52
40.4	0.617	1.52
40.4	0.617	1.52
40.5	0.616	1.52
40.5	0.616	1.52
40.6	0.616	1.52
40.6	0.616	1.52
40.7	0.616	1.52
40.7	0.616	1.52
40.8	0.615	1.52
40.8	0.615	1.52
40.9	0.615	1.52
41	0.615	1.52
41	0.615	1.52
41.1	0.615	1.52
41.1	0.614	1.52
41.2	0.614	1.52
41.2	0.614	1.52
41.3	0.614	1.52
41.3	0.614	1.52
41.4	0.614	1.52
41.4	0.613	1.52
41.5	0.613	1.52
41.5	0.613	1.52
41.6	0.613	1.52
41.6	0.613	1.52
41.7	0.613	1.52
41.7	0.612	1.52
41.8	0.612	1.52
41.8	0.612	1.52
41.9	0.612	1.52
41.9	0.612	1.52
42	0.612	1.52
42	0.612	1.52
42.1	0.611	1.52
42.2	0.611	1.52
42.2	0.611	1.52
42.3	0.611	1.52
42.3	0.611	1.52
42.4	0.611	1.52
42.4	0.611	1.52
42.5	0.61	1.52
42.5	0.61	1.52
42.6	0.61	1.52
42.6	0.61	1.52
42.7	0.61	1.52
42.7	0.61	1.52
42.8	0.609	1.52
42.8	0.609	1.52
42.9	0.609	1.52
42.9	0.609	1.52
43	0.609	1.52
43	0.609	1.52
43.1	0.609	1.52
43.1	0.608	1.52
43.2	0.608	1.52
43.3	0.608	1.52
43.3	0.608	1.52
43.4	0.608	1.52
43.4	0.608	1.52
43.5	0.607	1.52
43.5	0.607	1.52
43.6	0.607	1.52
43.6	0.607	1.52
43.7	0.607	1.52
43.7	0.607	1.52
43.8	0.606	1.52
43.8	0.606	1.52
43.9	0.606	1.52
43.9	0.606	1.52
44	0.606	1.52
44	0.606	1.52
44.1	0.606	1.52
44.1	0.606	1.52
44.2	0.605	1.52
44.2	0.605	1.52
44.3	0.605	1.52
44.3	0.605	1.52
44.4	0.605	1.52
44.4	0.604	1.52
44.5	0.605	1.52
44.6	0.604	1.52
44.6	0.604	1.52
44.7	0.604	1.52
44.7	0.604	1.52
44.8	0.604	1.52
44.8	0.604	1.52
44.9	0.603	1.52
44.9	0.603	1.52
45	0.603	1.52
45	0.603	1.52
45.1	0.603	1.52
45.1	0.603	1.52
45.2	0.603	1.52
45.2	0.602	1.52
45.3	0.602	1.52
45.3	0.602	1.52
45.4	0.602	1.52
45.4	0.602	1.52
45.5	0.602	1.52
45.5	0.602	1.52
45.6	0.601	1.52
45.6	0.601	1.52
45.7	0.601	1.52
45.7	0.601	1.52
45.8	0.601	1.52
45.9	0.601	1.52
45.9	0.601	1.52
45.9	0.6	1.52
46	0.6	1.52
46.1	0.6	1.52
46.1	0.6	1.52
46.2	0.6	1.52
46.2	0.6	1.52
46.3	0.599	1.52
46.3	0.599	1.52
46.4	0.599	1.52
46.4	0.599	1.52
46.5	0.599	1.52
46.5	0.599	1.52
46.6	0.599	1.52
46.6	0.598	1.52
46.7	0.599	1.52
46.7	0.598	1.52
46.8	0.598	1.52
46.8	0.598	1.52
46.9	0.598	1.52
46.9	0.598	1.52
47	0.598	1.52
47	0.598	1.52
47.1	0.597	1.52
47.1	0.597	1.52
47.2	0.597	1.52
47.2	0.597	1.52
47.3	0.597	1.52
47.3	0.597	1.52
47.4	0.596	1.52
47.4	0.596	1.52
47.5	0.596	1.52
47.5	0.596	1.52
47.6	0.596	1.52
47.7	0.596	1.52
47.7	0.596	1.52
47.8	0.596	1.52
47.8	0.595	1.52
47.9	0.595	1.52
47.9	0.595	1.52
48	0.595	1.52
48	0.595	1.52
48.1	0.595	1.52
48.1	0.594	1.52
48.2	0.594	1.52
48.2	0.594	1.52
48.3	0.594	1.52
48.3	0.594	1.52
48.4	0.594	1.52
48.4	0.594	1.52
48.5	0.594	1.52
48.5	0.593	1.52
48.6	0.593	1.52
48.6	0.593	1.52
48.7	0.593	1.52
48.7	0.593	1.52
48.8	0.593	1.52
48.8	0.593	1.52
48.9	0.593	1.52
48.9	0.592	1.52
49	0.592	1.52
49	0.592	1.52
49.1	0.592	1.52
49.1	0.592	1.52
49.2	0.592	1.52
49.2	0.592	1.52
49.3	0.591	1.52
49.4	0.591	1.52
49.4	0.591	1.52
49.4	0.591	1.52
49.5	0.591	1.52
49.6	0.591	1.52
49.6	0.591	1.52
49.7	0.59	1.52
49.7	0.59	1.52
49.8	0.59	1.52
49.8	0.59	1.52
49.9	0.59	1.52
49.9	0.59	1.52
50	0.59	1.52
50	0.59	1.52
50.1	0.589	1.52
50.1	0.589	1.52
50.2	0.589	1.53
50.2	0.589	1.52
50.3	0.589	1.52
50.3	0.589	1.52
50.4	0.589	1.52
50.4	0.589	1.53
50.5	0.588	1.52
50.5	0.588	1.52
50.6	0.588	1.53
50.6	0.588	1.53
50.7	0.588	1.53
50.7	0.588	1.53
50.8	0.587	1.52
50.8	0.587	1.52
50.9	0.587	1.53
50.9	0.587	1.53
51	0.587	1.53
51	0.587	1.53
51.1	0.587	1.53
51.1	0.587	1.53
51.2	0.587	1.53
51.2	0.586	1.52
51.3	0.586	1.53
51.3	0.586	1.53
51.4	0.586	1.53
51.4	0.586	1.53
51.5	0.586	1.53
51.5	0.586	1.53
51.6	0.586	1.53
51.6	0.585	1.53
51.7	0.585	1.53
51.8	0.585	1.53
51.8	0.585	1.53
51.9	0.585	1.53
51.9	0.585	1.53
52	0.585	1.53
52	0.585	1.53
52.1	0.584	1.53
52.1	0.584	1.53
52.2	0.584	1.53
52.2	0.584	1.53
52.3	0.584	1.53
52.3	0.584	1.53
52.4	0.584	1.53
52.4	0.583	1.53
52.5	0.583	1.53
52.5	0.583	1.53
52.6	0.583	1.53
52.6	0.583	1.53
52.7	0.583	1.53
52.7	0.583	1.53
52.8	0.582	1.53
52.8	0.582	1.53
52.9	0.582	1.53
52.9	0.582	1.53
53	0.582	1.53
53	0.582	1.53
53.1	0.582	1.53
53.1	0.582	1.53
53.2	0.581	1.53
53.2	0.581	1.53
53.3	0.581	1.53
53.3	0.581	1.53
53.4	0.581	1.53
53.4	0.581	1.53
53.5	0.581	1.53
53.5	0.581	1.53
53.6	0.58	1.53
53.6	0.58	1.53
53.7	0.58	1.53
53.7	0.58	1.53
53.8	0.58	1.53
53.8	0.58	1.53
53.9	0.58	1.53
53.9	0.579	1.53
54	0.58	1.53
54	0.579	1.53
54.1	0.579	1.53
54.1	0.579	1.53
54.2	0.579	1.53
54.2	0.579	1.53
54.3	0.579	1.53
54.3	0.578	1.53
54.4	0.578	1.53
54.4	0.578	1.53
54.5	0.578	1.53
54.5	0.578	1.53
54.6	0.578	1.53
54.6	0.578	1.53
54.7	0.578	1.53
54.8	0.578	1.53
54.8	0.578	1.53
54.8	0.577	1.53
54.9	0.577	1.53
54.9	0.577	1.53
55	0.577	1.53
55	0.577	1.53
55.1	0.577	1.53
55.1	0.577	1.53
55.2	0.577	1.53
55.3	0.576	1.53
55.3	0.576	1.53
55.4	0.576	1.53
55.4	0.576	1.53
55.4	0.576	1.53
55.5	0.576	1.53
55.6	0.576	1.53
55.6	0.576	1.53
55.7	0.575	1.53
55.7	0.575	1.53
55.8	0.575	1.53
55.8	0.575	1.53
55.9	0.575	1.53
55.9	0.575	1.53
56	0.575	1.53
56	0.575	1.53
56.1	0.575	1.53
56.1	0.574	1.53
56.2	0.574	1.53
56.2	0.574	1.53
56.3	0.574	1.53
56.3	0.574	1.53
56.4	0.574	1.53
56.4	0.574	1.53
56.5	0.574	1.53
56.5	0.573	1.53
56.6	0.573	1.53
56.6	0.573	1.53
56.7	0.573	1.53
56.7	0.573	1.53
56.8	0.573	1.53
56.8	0.573	1.53
56.9	0.573	1.53
56.9	0.572	1.53
57	0.572	1.53
57	0.572	1.53
57.1	0.572	1.53
57.1	0.572	1.53
57.2	0.572	1.53
57.2	0.572	1.53
57.3	0.572	1.53
57.3	0.571	1.53
57.4	0.571	1.53
57.4	0.571	1.53
57.5	0.571	1.53
57.5	0.571	1.53
57.6	0.571	1.53
57.6	0.571	1.53
57.7	0.571	1.53
57.7	0.571	1.53
57.8	0.57	1.53
57.8	0.57	1.53
57.9	0.57	1.53
57.9	0.57	1.53
58	0.57	1.53
58	0.57	1.53
58.1	0.57	1.53
58.1	0.57	1.53
58.2	0.57	1.53
58.2	0.569	1.53
58.3	0.569	1.53
58.3	0.569	1.53
58.4	0.569	1.53
58.4	0.569	1.53
58.5	0.569	1.53
58.5	0.569	1.53
58.6	0.569	1.53
58.6	0.569	1.53
58.7	0.568	1.53
58.7	0.568	1.53
58.8	0.568	1.53
58.8	0.568	1.53
58.9	0.568	1.53
58.9	0.568	1.53
59	0.568	1.53
59	0.567	1.53
59.1	0.567	1.53
59.1	0.567	1.53
59.2	0.567	1.53
59.2	0.567	1.53
59.3	0.567	1.53
59.3	0.567	1.53
59.4	0.567	1.53
59.4	0.567	1.53
59.5	0.567	1.53
59.5	0.566	1.53
59.6	0.566	1.53
59.6	0.566	1.53
59.7	0.566	1.53
59.7	0.566	1.53
59.8	0.566	1.53
59.8	0.566	1.53
59.9	0.565	1.53
59.9	0.566	1.53
60	0.565	1.53
60	0.565	1.53
60.1	0.565	1.53
60.1	0.565	1.53
60.2	0.565	1.53
60.2	0.565	1.53
60.3	0.565	1.53
60.3	0.565	1.53
60.4	0.564	1.53
60.4	0.564	1.53
60.5	0.564	1.53
60.5	0.564	1.53
60.6	0.564	1.53
60.6	0.564	1.53
60.7	0.564	1.53
60.7	0.564	1.53
60.8	0.563	1.53
60.8	0.564	1.53
60.9	0.563	1.53
60.9	0.563	1.53
61	0.563	1.53
61	0.563	1.53
61.1	0.563	1.53
61.1	0.563	1.53
61.2	0.563	1.53
61.2	0.562	1.53
61.3	0.562	1.53
61.3	0.563	1.53
61.4	0.562	1.53
61.4	0.562	1.53
61.5	0.562	1.53
61.5	0.562	1.53
61.6	0.562	1.53
61.6	0.562	1.53
61.7	0.562	1.53
61.7	0.562	1.53
61.8	0.561	1.53
61.8	0.561	1.53
61.9	0.561	1.53
61.9	0.561	1.53
62	0.561	1.53
62	0.561	1.54
62	0.561	1.53
62.1	0.561	1.54
62.2	0.56	1.53
62.2	0.56	1.53
62.3	0.56	1.53
62.3	0.56	1.54
62.3	0.56	1.54
62.4	0.56	1.54
62.4	0.56	1.53
62.5	0.56	1.53
62.5	0.56	1.54
62.6	0.559	1.53
62.6	0.56	1.54
62.7	0.559	1.54
62.7	0.559	1.54
62.8	0.559	1.53
62.8	0.559	1.54
62.9	0.559	1.54
62.9	0.559	1.54
63	0.559	1.54
63	0.559	1.54
63.1	0.559	1.54
63.1	0.558	1.54
63.2	0.558	1.54
63.2	0.558	1.54
63.3	0.558	1.54
63.3	0.558	1.54
63.4	0.558	1.54
63.4	0.558	1.54
63.5	0.558	1.54
63.5	0.558	1.54
63.6	0.557	1.54
63.6	0.557	1.54
63.7	0.557	1.54
63.7	0.557	1.54
63.8	0.557	1.54
63.8	0.557	1.54
63.9	0.557	1.54
63.9	0.557	1.54
64	0.557	1.54
64	0.557	1.54
64.1	0.556	1.54
64.1	0.556	1.54
64.2	0.556	1.54
64.2	0.556	1.54
64.3	0.556	1.54
64.3	0.556	1.54
64.4	0.556	1.54
64.4	0.556	1.54
64.5	0.556	1.54
64.5	0.556	1.54
64.6	0.555	1.54
64.6	0.555	1.54
64.6	0.555	1.54
64.7	0.555	1.54
64.8	0.555	1.54
64.8	0.555	1.54
64.8	0.555	1.54
64.9	0.555	1.54
65	0.554	1.54
65	0.554	1.54
65	0.554	1.54
65.1	0.554	1.54
65.1	0.554	1.54
65.2	0.554	1.54
65.2	0.554	1.54
65.3	0.554	1.54
65.3	0.554	1.54
65.4	0.554	1.54
65.4	0.554	1.54
65.5	0.553	1.54
65.5	0.553	1.54
65.6	0.553	1.54
65.6	0.553	1.54
65.7	0.553	1.54
65.7	0.553	1.54
65.8	0.553	1.54
65.8	0.553	1.54
65.9	0.553	1.54
65.9	0.553	1.54
66	0.552	1.54
66	0.552	1.54
66.1	0.552	1.54
66.1	0.552	1.54
66.2	0.552	1.54
66.2	0.552	1.54
66.3	0.552	1.54
66.3	0.552	1.54
66.4	0.552	1.54
66.4	0.551	1.54
66.5	0.551	1.54
66.5	0.551	1.54
66.6	0.551	1.54
66.6	0.551	1.54
66.7	0.551	1.54
66.7	0.551	1.54
66.8	0.551	1.54
66.8	0.551	1.54
66.8	0.551	1.54
66.9	0.55	1.54
66.9	0.55	1.54
67	0.55	1.54
67	0.55	1.54
67.1	0.55	1.54
67.1	0.55	1.54
67.2	0.55	1.54
67.2	0.55	1.54
67.3	0.55	1.54
67.3	0.55	1.54
67.4	0.549	1.54
67.4	0.549	1.54
67.5	0.549	1.54
67.5	0.549	1.54
67.6	0.549	1.54
67.6	0.549	1.54
67.7	0.549	1.54
67.7	0.549	1.54
67.8	0.549	1.54
67.8	0.549	1.54
67.9	0.548	1.54
67.9	0.548	1.54
68	0.548	1.54
68	0.548	1.54
68.1	0.548	1.54
68.1	0.548	1.54
68.2	0.548	1.54
68.2	0.548	1.54
68.3	0.548	1.54
68.3	0.548	1.54
68.4	0.548	1.54
68.4	0.548	1.54
68.4	0.547	1.54
68.5	0.547	1.54
68.5	0.547	1.54
68.6	0.547	1.54
68.6	0.547	1.54
68.7	0.547	1.54
68.7	0.546	1.54
68.8	0.547	1.54
68.8	0.547	1.54
68.9	0.546	1.54
68.9	0.546	1.54
69	0.546	1.54
69	0.546	1.54
69.1	0.546	1.54
69.1	0.546	1.54
69.2	0.546	1.54
69.2	0.546	1.54
69.3	0.546	1.54
69.3	0.546	1.54
69.4	0.545	1.54
69.4	0.545	1.54
69.5	0.545	1.54
69.5	0.545	1.54
69.6	0.545	1.54
69.6	0.545	1.54
69.7	0.545	1.54
69.7	0.545	1.54
69.8	0.545	1.54
69.8	0.544	1.54
69.9	0.545	1.54
69.9	0.545	1.55
70	0.544	1.54
70	0.544	1.55
70	0.544	1.54
70.1	0.544	1.54
70.1	0.544	1.55
70.2	0.544	1.55
70.2	0.544	1.54
70.3	0.544	1.55
70.3	0.544	1.55
70.4	0.543	1.54
70.4	0.543	1.54
70.5	0.543	1.55
70.5	0.543	1.54
70.6	0.543	1.55
70.6	0.543	1.55
70.7	0.543	1.55
70.7	0.543	1.55
70.8	0.543	1.55
70.8	0.543	1.55
70.9	0.543	1.55
70.9	0.542	1.55
71	0.542	1.55
71	0.542	1.55
71	0.542	1.55
71.1	0.542	1.55
71.1	0.542	1.55
71.2	0.542	1.55
71.2	0.542	1.55
71.3	0.542	1.55
71.3	0.542	1.55
71.4	0.542	1.55
71.4	0.541	1.55
71.5	0.541	1.55
71.5	0.541	1.55
71.6	0.541	1.55
71.6	0.541	1.55
71.7	0.541	1.55
71.7	0.541	1.55
71.8	0.541	1.55
71.8	0.541	1.55
71.9	0.54	1.55
71.9	0.54	1.55
72	0.54	1.55
72	0.54	1.55
72.1	0.54	1.55
72.1	0.54	1.55
72.2	0.54	1.55
72.2	0.54	1.55
72.3	0.54	1.55
72.3	0.54	1.55
72.4	0.54	1.55
72.4	0.54	1.55
72.4	0.539	1.55
72.5	0.539	1.55
72.5	0.539	1.55
72.6	0.539	1.55
72.6	0.539	1.55
72.7	0.539	1.55
72.7	0.539	1.55
72.8	0.539	1.55
72.8	0.539	1.55
72.9	0.539	1.55
72.9	0.539	1.55
73	0.538	1.55
73	0.538	1.55
73.1	0.538	1.55
73.1	0.538	1.55
73.2	0.538	1.55
73.2	0.538	1.55
73.3	0.538	1.55
73.3	0.537	1.55
73.4	0.538	1.55
73.4	0.538	1.55
73.5	0.537	1.55
73.5	0.538	1.55
73.5	0.537	1.55
73.6	0.537	1.55
73.6	0.537	1.55
73.7	0.537	1.55
73.7	0.537	1.55
73.8	0.537	1.55
73.8	0.537	1.55
73.9	0.537	1.55
73.9	0.537	1.55
74	0.537	1.55
74	0.536	1.55
74.1	0.536	1.55
74.1	0.536	1.55
74.2	0.536	1.55
74.2	0.536	1.55
74.3	0.536	1.55
74.3	0.536	1.55
74.4	0.536	1.55
74.4	0.536	1.55
74.4	0.536	1.55
74.5	0.535	1.55
74.5	0.535	1.55
74.6	0.535	1.55
74.6	0.535	1.55
74.7	0.535	1.55
74.7	0.535	1.55
74.8	0.535	1.55
74.8	0.535	1.55
74.9	0.535	1.55
74.9	0.535	1.55
75	0.535	1.55
75	0.535	1.55
75.1	0.534	1.55
75.1	0.534	1.55
75.2	0.534	1.55
75.2	0.534	1.55
75.3	0.534	1.55
75.3	0.534	1.55
75.4	0.534	1.55
75.4	0.534	1.55
75.4	0.534	1.55
75.5	0.534	1.55
75.5	0.534	1.55
75.6	0.534	1.55
75.6	0.533	1.55
75.7	0.533	1.55
75.7	0.533	1.55
75.8	0.533	1.55
75.8	0.533	1.55
75.9	0.533	1.55
75.9	0.533	1.55
76	0.533	1.55
76	0.533	1.55
76.1	0.532	1.55
76.1	0.532	1.55
76.1	0.532	1.55
76.2	0.532	1.55
76.2	0.532	1.55
76.3	0.532	1.56
76.3	0.532	1.56
76.4	0.532	1.55
76.4	0.532	1.55
76.5	0.532	1.55
76.5	0.532	1.56
76.6	0.532	1.55
76.6	0.532	1.56
76.7	0.531	1.56
76.7	0.531	1.56
76.8	0.531	1.56
76.8	0.531	1.56
76.9	0.531	1.56
76.9	0.531	1.56
77	0.531	1.56
77	0.531	1.56
77	0.531	1.56
77.1	0.531	1.56
77.1	0.531	1.56
77.2	0.531	1.56
77.2	0.531	1.56
77.3	0.53	1.55
77.3	0.53	1.56
77.4	0.53	1.56
77.4	0.53	1.56
77.5	0.53	1.56
77.5	0.53	1.56
77.6	0.53	1.56
77.6	0.53	1.56
77.7	0.53	1.56
77.7	0.53	1.56
77.8	0.53	1.56
77.8	0.529	1.56
77.8	0.529	1.56
77.9	0.529	1.56
78	0.529	1.56
78	0.529	1.56
78	0.529	1.56
78.1	0.529	1.56
78.1	0.529	1.56
78.2	0.529	1.56
78.2	0.529	1.56
78.3	0.528	1.56
78.3	0.529	1.56
78.4	0.529	1.56
78.4	0.528	1.56
78.5	0.528	1.56
78.5	0.528	1.56
78.6	0.528	1.56
78.6	0.528	1.56
78.6	0.528	1.56
78.7	0.528	1.56
78.7	0.528	1.56
78.8	0.528	1.56
78.8	0.528	1.56
78.9	0.527	1.56
78.9	0.528	1.56
79	0.527	1.56
79	0.527	1.56
79.1	0.527	1.56
79.1	0.527	1.56
79.2	0.527	1.56
79.2	0.527	1.56
79.3	0.527	1.56
79.3	0.527	1.56
79.4	0.527	1.56
79.4	0.527	1.56
79.4	0.527	1.56
79.5	0.526	1.56
79.5	0.526	1.56
79.6	0.526	1.56
79.6	0.526	1.56
79.7	0.526	1.56
79.7	0.526	1.56
79.8	0.526	1.56
79.8	0.526	1.56
79.9	0.526	1.56
79.9	0.526	1.56
80	0.526	1.56
80	0.526	1.56
80.1	0.525	1.56
80.1	0.525	1.56
80.1	0.525	1.56
80.2	0.525	1.56
80.2	0.525	1.56
80.3	0.525	1.56
80.3	0.525	1.56
80.4	0.525	1.56
80.4	0.525	1.56
80.5	0.524	1.56
80.5	0.524	1.56
80.6	0.524	1.56
80.6	0.524	1.56
80.7	0.524	1.56
80.7	0.524	1.56
80.8	0.524	1.56
80.8	0.524	1.56
80.9	0.524	1.56
80.9	0.524	1.56
81	0.524	1.56
81	0.524	1.56
81	0.524	1.56
81.1	0.523	1.56
81.1	0.524	1.56
81.2	0.523	1.56
81.2	0.523	1.56
81.3	0.523	1.56
81.3	0.523	1.56
81.4	0.523	1.56
81.4	0.523	1.56
81.5	0.523	1.56
81.5	0.523	1.56
81.6	0.523	1.56
81.6	0.523	1.56
81.7	0.523	1.56
81.7	0.522	1.56
81.7	0.522	1.56
81.8	0.522	1.56
81.8	0.522	1.56
81.9	0.522	1.56
81.9	0.522	1.56
82	0.522	1.56
82	0.522	1.56
82.1	0.522	1.56
82.1	0.522	1.56
82.2	0.521	1.56
82.2	0.522	1.57
82.3	0.521	1.56
82.3	0.522	1.57
82.3	0.521	1.57
82.4	0.521	1.57
82.4	0.521	1.56
82.5	0.521	1.56
82.5	0.521	1.57
82.6	0.521	1.57
82.6	0.521	1.57
82.7	0.521	1.57
82.7	0.521	1.56
82.8	0.521	1.57
82.8	0.52	1.57
82.8	0.52	1.57
82.9	0.52	1.57
82.9	0.52	1.57
83	0.52	1.57
83	0.52	1.57
83.1	0.52	1.57
83.1	0.52	1.57
83.2	0.52	1.57
83.2	0.52	1.57
83.3	0.52	1.57
83.3	0.52	1.57
83.4	0.52	1.57
83.4	0.52	1.57
83.4	0.519	1.57
83.5	0.519	1.57
83.6	0.519	1.57
83.6	0.519	1.57
83.7	0.519	1.57
83.7	0.519	1.57
83.7	0.519	1.57
83.8	0.519	1.57
83.8	0.519	1.57
83.9	0.518	1.57
83.9	0.519	1.57
84	0.519	1.57
84	0.518	1.57
84.1	0.518	1.57
84.1	0.518	1.57
84.2	0.518	1.57
84.2	0.518	1.57
84.2	0.518	1.57
84.3	0.518	1.57
84.3	0.518	1.57
84.4	0.518	1.57
84.4	0.518	1.57
84.5	0.518	1.57
84.5	0.517	1.57
84.6	0.518	1.57
84.6	0.517	1.57
84.7	0.517	1.57
84.7	0.517	1.57
84.7	0.517	1.57
84.8	0.517	1.57
84.8	0.517	1.57
84.9	0.517	1.57
84.9	0.517	1.57
85	0.517	1.57
85	0.517	1.57
85.1	0.517	1.57
85.1	0.517	1.57
85.2	0.517	1.57
85.2	0.516	1.57
85.3	0.516	1.57
85.3	0.516	1.57
85.4	0.516	1.57
85.4	0.516	1.57
85.4	0.516	1.57
85.5	0.516	1.57
85.5	0.516	1.57
85.6	0.516	1.57
85.6	0.516	1.57
85.7	0.516	1.57
85.7	0.516	1.57
85.8	0.516	1.57
85.8	0.515	1.57
85.9	0.515	1.57
85.9	0.515	1.57
86	0.515	1.57
86	0.515	1.57
86	0.515	1.57
86.1	0.515	1.57
86.1	0.515	1.57
86.2	0.515	1.57
86.2	0.515	1.57
86.3	0.515	1.57
86.3	0.515	1.57
86.4	0.515	1.57
86.4	0.514	1.57
86.5	0.514	1.57
86.5	0.514	1.57
86.5	0.514	1.57
86.6	0.514	1.57
86.6	0.514	1.57
86.7	0.514	1.57
86.7	0.514	1.57
86.8	0.514	1.57
86.8	0.514	1.57
86.9	0.514	1.57
86.9	0.513	1.57
87	0.514	1.57
87	0.513	1.57
87.1	0.513	1.57
87.1	0.513	1.57
87.1	0.513	1.58
87.2	0.513	1.57
87.2	0.513	1.57
87.3	0.513	1.58
87.3	0.513	1.58
87.4	0.513	1.58
87.4	0.513	1.58
87.5	0.513	1.58
87.5	0.513	1.58
87.6	0.513	1.57
87.6	0.513	1.58
87.7	0.512	1.58
87.7	0.512	1.58
87.7	0.512	1.58
87.8	0.512	1.58
87.8	0.512	1.58
87.9	0.512	1.58
87.9	0.512	1.58
88	0.512	1.58
88	0.512	1.58
88.1	0.512	1.58
88.1	0.512	1.58
88.2	0.512	1.58
88.2	0.512	1.58
88.2	0.511	1.58
88.3	0.512	1.58
88.3	0.511	1.58
88.4	0.511	1.58
88.4	0.511	1.58
88.5	0.511	1.58
88.5	0.511	1.58
88.6	0.511	1.58
88.6	0.511	1.58
88.6	0.511	1.58
88.7	0.511	1.58
88.7	0.511	1.58
88.8	0.511	1.58
88.8	0.511	1.58
88.9	0.511	1.58
88.9	0.51	1.58
89	0.51	1.58
89	0.51	1.58
89.1	0.51	1.58
89.1	0.51	1.58
89.2	0.51	1.58
89.2	0.51	1.58
89.2	0.51	1.58
89.3	0.51	1.58
89.3	0.51	1.58
89.4	0.51	1.58
89.4	0.509	1.58
89.5	0.509	1.58
89.5	0.509	1.58
89.6	0.51	1.58
89.6	0.509	1.58
89.7	0.509	1.58
89.7	0.509	1.58
89.7	0.509	1.58
89.8	0.509	1.58
89.8	0.509	1.58
89.9	0.509	1.58
89.9	0.509	1.58
90	0.508	1.58
90	0.509	1.58
90.1	0.509	1.58
90.1	0.509	1.58
90.2	0.508	1.58
90.2	0.508	1.58
90.2	0.508	1.58
90.3	0.508	1.58
90.3	0.508	1.58
90.4	0.508	1.58
90.4	0.508	1.58
90.5	0.508	1.58
90.5	0.508	1.58
90.6	0.508	1.58
90.6	0.508	1.58
90.7	0.508	1.58
90.7	0.508	1.58
90.7	0.508	1.58
90.8	0.508	1.58
90.8	0.508	1.58
90.9	0.507	1.58
90.9	0.507	1.58
91	0.507	1.58
91	0.507	1.58
91.1	0.507	1.58
91.1	0.507	1.58
91.1	0.507	1.58
91.2	0.507	1.58
91.2	0.507	1.58
91.3	0.507	1.58
91.3	0.507	1.58
91.4	0.507	1.58
91.4	0.506	1.58
91.5	0.506	1.58
91.5	0.506	1.58
91.6	0.506	1.58
91.6	0.506	1.58
91.7	0.506	1.58
91.7	0.506	1.58
91.7	0.506	1.58
91.8	0.506	1.58
91.8	0.506	1.58
91.9	0.505	1.58
91.9	0.506	1.59
92	0.506	1.59
92	0.506	1.58
92.1	0.506	1.59
92.1	0.505	1.58
92.1	0.505	1.59
92.2	0.505	1.59
92.2	0.505	1.59
92.3	0.505	1.59
92.3	0.505	1.59
92.4	0.505	1.59
92.4	0.505	1.58
92.5	0.505	1.58
92.5	0.505	1.58
92.5	0.505	1.59
92.6	0.505	1.59
92.6	0.505	1.59
92.7	0.505	1.59
92.7	0.504	1.59
92.8	0.504	1.59
92.8	0.504	1.59
92.9	0.504	1.59
92.9	0.504	1.59
92.9	0.504	1.59
93	0.504	1.59
93	0.504	1.59
93.1	0.504	1.59
93.1	0.504	1.59
93.2	0.504	1.59
93.2	0.503	1.59
93.3	0.504	1.59
93.3	0.504	1.59
93.3	0.504	1.59
93.4	0.503	1.59
93.4	0.503	1.59
93.5	0.503	1.59
93.5	0.503	1.59
93.6	0.503	1.59
93.6	0.503	1.59
93.6	0.503	1.59
93.7	0.503	1.59
93.8	0.503	1.59
93.8	0.503	1.59
93.8	0.503	1.59
93.9	0.502	1.59
93.9	0.502	1.59
94	0.502	1.59
94	0.502	1.59
94.1	0.502	1.59
94.1	0.502	1.59
94.2	0.502	1.59
94.2	0.502	1.59
94.2	0.502	1.59
94.3	0.502	1.59
94.3	0.502	1.59
94.4	0.502	1.59
94.4	0.502	1.59
94.5	0.502	1.59
94.5	0.502	1.59
94.6	0.502	1.59
94.6	0.502	1.59
94.6	0.502	1.59
94.7	0.501	1.59
94.7	0.501	1.59
94.8	0.501	1.59
94.8	0.501	1.59
94.9	0.501	1.59
94.9	0.501	1.59
94.9	0.501	1.59
95	0.501	1.59
95	0.501	1.59
95.1	0.501	1.59
95.1	0.501	1.59
95.2	0.501	1.59
95.2	0.501	1.59
95.3	0.5	1.59
95.3	0.501	1.59
95.3	0.5	1.59
95.4	0.5	1.59
95.4	0.5	1.59
95.5	0.5	1.59
95.5	0.5	1.59
95.6	0.5	1.59
95.6	0.5	1.59
95.7	0.5	1.59
95.7	0.5	1.59
95.7	0.5	1.59
95.8	0.5	1.59
95.8	0.5	1.59
95.9	0.5	1.59
95.9	0.5	1.59
96	0.499	1.59
96	0.499	1.59
96	0.499	1.59
96.1	0.499	1.59
96.1	0.499	1.59
96.2	0.499	1.59
96.2	0.499	1.59
96.3	0.499	1.59
96.3	0.499	1.59
96.4	0.499	1.59
96.4	0.499	1.59
96.4	0.498	1.59
96.5	0.499	1.6
96.5	0.499	1.59
96.6	0.498	1.59
96.6	0.498	1.6
96.7	0.498	1.6
96.7	0.498	1.6
96.7	0.498	1.59
96.8	0.498	1.6
96.8	0.498	1.6
96.9	0.498	1.6
96.9	0.498	1.6
97	0.498	1.6
97	0.498	1.59
97.1	0.498	1.6
97.1	0.498	1.6
97.1	0.498	1.6
97.2	0.498	1.6
97.2	0.498	1.6
97.3	0.498	1.6
97.3	0.497	1.6
97.4	0.497	1.6
97.4	0.497	1.6
97.4	0.497	1.6
97.5	0.497	1.6
97.5	0.497	1.6
97.6	0.497	1.6
97.6	0.497	1.6
97.7	0.497	1.6
97.7	0.497	1.6
97.7	0.497	1.6
97.8	0.497	1.6
97.8	0.497	1.6
97.9	0.496	1.6
97.9	0.496	1.6
98	0.496	1.6
98	0.497	1.6
98	0.496	1.6
98.1	0.496	1.6
98.1	0.496	1.6
98.2	0.496	1.6
98.2	0.496	1.6
98.3	0.496	1.6
98.3	0.496	1.6
98.3	0.496	1.6
98.4	0.496	1.6
98.4	0.496	1.6
98.5	0.496	1.6
98.5	0.496	1.6
98.6	0.496	1.6
98.6	0.495	1.6
98.6	0.496	1.6
98.7	0.495	1.6
98.7	0.495	1.6
98.8	0.495	1.6
98.8	0.495	1.6
98.9	0.495	1.6
98.9	0.495	1.6
98.9	0.495	1.6
99	0.495	1.6
99	0.495	1.6
99.1	0.495	1.6
99.1	0.495	1.6
99.2	0.495	1.6
99.2	0.494	1.6
99.2	0.494	1.6
99.3	0.494	1.6
99.3	0.494	1.6
99.4	0.494	1.6
99.4	0.494	1.6
99.5	0.494	1.6
99.5	0.494	1.6
99.5	0.494	1.6
99.6	0.494	1.6
99.6	0.494	1.6
99.7	0.494	1.6
99.7	0.494	1.6
99.8	0.494	1.6
99.8	0.494	1.6
99.8	0.494	1.6
99.9	0.493	1.6
99.9	0.494	1.6
100	0.493	1.6
100	0.493	1.6
100	0.493	1.6
100	0.493	1.6
100	0.493	1.6
100	0.493	1.6
100	0.493	1.6
100	0.493	1.6
100	0.493	1.6
100	0.493	1.6
100	0.493	1.6
100	0.493	1.6
100	0.493	1.6
101	0.493	1.6
101	0.493	1.6
101	0.492	1.6
101	0.492	1.6
101	0.492	1.6
101	0.492	1.6
101	0.492	1.6
101	0.492	1.6
101	0.492	1.6
101	0.492	1.6
101	0.492	1.6
101	0.492	1.6
101	0.492	1.6
101	0.492	1.6
101	0.492	1.6
101	0.492	1.6
101	0.492	1.6
101	0.492	1.6
101	0.491	1.6
101	0.491	1.6
101	0.491	1.61
101	0.491	1.6
101	0.491	1.6
101	0.491	1.6
101	0.491	1.61
102	0.491	1.6
102	0.491	1.6
102	0.491	1.6
102	0.491	1.61
102	0.491	1.6
102	0.491	1.61
102	0.491	1.6
102	0.491	1.61
102	0.491	1.61
102	0.491	1.61
102	0.49	1.6
102	0.49	1.61
102	0.49	1.61
102	0.49	1.61
102	0.49	1.61
102	0.49	1.61
102	0.49	1.61
102	0.49	1.61
102	0.49	1.61
102	0.49	1.61
102	0.49	1.6
102	0.49	1.61
102	0.49	1.61
102	0.49	1.61
102	0.49	1.61
103	0.49	1.61
103	0.489	1.61
103	0.489	1.61
103	0.489	1.61
103	0.489	1.61
103	0.489	1.6
103	0.489	1.61
103	0.489	1.61
103	0.489	1.61
103	0.489	1.61
103	0.489	1.61
103	0.489	1.61
103	0.489	1.61
103	0.489	1.61
103	0.489	1.61
103	0.489	1.61
103	0.488	1.61
103	0.488	1.61
103	0.488	1.61
103	0.488	1.61
103	0.488	1.61
103	0.488	1.61
103	0.488	1.61
103	0.488	1.6
103	0.488	1.6
103	0.488	1.6
103	0.488	1.6
103	0.487	1.6
103	0.487	1.6
103	0.487	1.59
103	0.487	1.59
103	0.487	1.6
103	0.487	1.6
103	0.487	1.59
103	0.487	1.6
103	0.487	1.6
103	0.487	1.6
103	0.487	1.6
103	0.488	1.6
103	0.488	1.6
103	0.488	1.6
103	0.489	1.6
103	0.489	1.61
103	0.49	1.61
103	0.49	1.61
103	0.491	1.62
103	0.493	1.63
103	0.494	1.63
103	0.496	1.64
103	0.497	1.65
103	0.498	1.65
103	0.499	1.66
103	0.5	1.66
103	0.501	1.67
103	0.501	1.67
103	0.502	1.68
103	0.503	1.68
103	0.503	1.69
103	0.504	1.69
103	0.505	1.69
103	0.505	1.7
103	0.506	1.7
103	0.507	1.7
103	0.507	1.71
103	0.508	1.71
103	0.508	1.72
103	0.509	1.72
103	0.509	1.72
103	0.51	1.72
103	0.51	1.72
103	0.51	1.73
103	0.511	1.72
103	0.511	1.72
103	0.51	1.72
103	0.51	1.71
103	0.509	1.7
103	0.507	1.69
103	0.505	1.67
103	0.503	1.65
102	0.499	1.62
102	0.496	1.59
102	0.492	1.56
102	0.488	1.53
102	0.484	1.5
101	0.479	1.46
101	0.475	1.43
100	0.471	1.4
99.3	0.466	1.37
98.5	0.462	1.34
97.6	0.458	1.31
96.5	0.455	1.28
95.4	0.45	1.25
94.1	0.447	1.23
92.8	0.444	1.2
91.4	0.441	1.18
90	0.438	1.15
88.5	0.435	1.13
87	0.432	1.11
85.4	0.43	1.09
83.8	0.427	1.07
82.1	0.425	1.06
80.5	0.423	1.04
78.8	0.421	1.02
77.2	0.419	1.01
75.5	0.417	0.995
73.9	0.416	0.981
72.2	0.414	0.968
70.6	0.412	0.956
69	0.411	0.945
67.4	0.41	0.934
65.8	0.408	0.923
64.3	0.407	0.914
62.8	0.406	0.904
61.3	0.405	0.895
59.8	0.404	0.886
58.3	0.403	0.877
56.9	0.402	0.87
55.5	0.401	0.862
54.1	0.4	0.854
52.7	0.399	0.846
51.4	0.398	0.839
50.1	0.397	0.833
48.9	0.396	0.827
47.6	0.395	0.82
46.4	0.394	0.814
45.3	0.394	0.809
44.1	0.393	0.803
43	0.392	0.797
41.9	0.391	0.792
40.9	0.39	0.786
39.8	0.389	0.782
38.8	0.388	0.777
37.8	0.389	0.775
36.9	0.388	0.771
36	0.388	0.767
35	0.387	0.762
34.1	0.386	0.757
33.3	0.385	0.754
32.4	0.384	0.749
31.6	0.384	0.747
30.8	0.383	0.742
30.1	0.382	0.738
29.3	0.381	0.734
28.6	0.38	0.73
27.8	0.379	0.726
27.2	0.378	0.722
26.5	0.376	0.717
25.8	0.375	0.713
25.2	0.374	0.708
24.6	0.372	0.703
24	0.371	0.699
23.4	0.368	0.692
22.8	0.367	0.687
22.3	0.365	0.683
21.7	0.364	0.679
21.2	0.363	0.675
20.7	0.361	0.671
20.3	0.36	0.667
19.8	0.358	0.663
19.3	0.357	0.659
18.9	0.355	0.655
18.5	0.353	0.651
18	0.352	0.647
17.6	0.35	0.643
17.2	0.348	0.64
16.8	0.347	0.638
16.5	0.346	0.637
16.1	0.346	0.638
15.7	0.35	0.65
15.5	0.368	0.707
15.5	0.379	0.74
15.3	0.383	0.748
15.1	0.385	0.75
14.8	0.388	0.751
14.3	0.392	0.753
13.9	0.396	0.756
13.4	0.4	0.758
13.2	0.399	0.752
13.1	0.392	0.735
13	0.383	0.718
12.9	0.38	0.716
12.7	0.383	0.731
12.4	0.386	0.736
11.9	0.389	0.739
11.6	0.39	0.74
11.4	0.391	0.743
11.1	0.392	0.747
10.7	0.394	0.751
10.5	0.399	0.762
10.2	0.402	0.77
9.97	0.407	0.781
9.86	0.415	0.797
9.91	0.423	0.817
10.1	0.43	0.832
10.3	0.436	0.844
10.5	0.441	0.857
10.8	0.445	0.865
11.1	0.449	0.874
11.1	0.449	0.874
11.2	0.447	0.869
11.2	0.445	0.864
11.3	0.44	0.852
11.4	0.433	0.837
11.4	0.429	0.828
11.3	0.427	0.824
11.3	0.427	0.823
11.3	0.426	0.822
11.3	0.426	0.822
11.2	0.426	0.821
11.2	0.426	0.821
11.2	0.425	0.82
11.2	0.425	0.82
11.2	0.425	0.82
11.2	0.425	0.82
11.2	0.425	0.82
11.2	0.425	0.82
11.2	0.425	0.82
11.2	0.425	0.82
11.2	0.425	0.82
11.2	0.425	0.82
11.2	0.425	0.82
11.2	0.425	0.82
11.2	0.425	0.819
11.2	0.425	0.82
11.1	0.425	0.82
11.1	0.425	0.819
10.9	0.425	0.819
10.7	0.425	0.821
10.4	0.426	0.822
10.2	0.427	0.825
10.3	0.433	0.839
10.5	0.438	0.85
10.6	0.437	0.848
10.6	0.434	0.841
10.6	0.431	0.834
10.6	0.429	0.829
10.6	0.426	0.823
10.6	0.423	0.818
10.6	0.421	0.813
10.6	0.418	0.807
10.6	0.416	0.802
10.6	0.413	0.795
10.6	0.41	0.79
10.6	0.408	0.785
10.6	0.405	0.779
10.6	0.403	0.774
10.7	0.4	0.768
10.7	0.397	0.762
10.7	0.395	0.756
10.7	0.392	0.751
10.7	0.39	0.746
10.7	0.387	0.741
10.8	0.385	0.736
10.8	0.383	0.731
10.8	0.38	0.726
10.9	0.379	0.722
10.9	0.377	0.72
11	0.376	0.717
11.1	0.375	0.715
11.2	0.375	0.715
11.4	0.375	0.716
11.6	0.376	0.718
11.8	0.378	0.722
12.1	0.38	0.726
12.5	0.383	0.734
12.9	0.386	0.74
13.4	0.389	0.748
13.9	0.392	0.755
14.4	0.394	0.761
14.9	0.396	0.768
15.3	0.397	0.771
14.7	0.391	0.755
14.4	0.389	0.75
14.1	0.387	0.746
14.2	0.387	0.745
14.3	0.387	0.746
14.5	0.386	0.744
14.6	0.385	0.743
14.8	0.385	0.742
14.9	0.384	0.741
15	0.384	0.74
15.1	0.383	0.738
15.2	0.382	0.738
15.3	0.381	0.735
15.5	0.381	0.735
15.6	0.38	0.733
15.7	0.379	0.732
15.8	0.379	0.731
15.9	0.378	0.729
16	0.377	0.728
16.1	0.377	0.728
16.2	0.376	0.727
16.3	0.375	0.725
16.4	0.375	0.725
16.6	0.375	0.724
16.7	0.374	0.724
16.8	0.374	0.724
17	0.374	0.724
17.1	0.374	0.723
17.3	0.374	0.725
17.5	0.374	0.725
17.7	0.375	0.728
18	0.376	0.73
18.3	0.377	0.734
18.7	0.379	0.74
19.2	0.382	0.749
19.8	0.386	0.759
20.5	0.39	0.771
21.2	0.394	0.782
21.8	0.398	0.793
22.6	0.401	0.804
23.3	0.405	0.815
24	0.407	0.824
24.8	0.411	0.835
25.6	0.413	0.844
26.5	0.416	0.855
27.4	0.418	0.864
28.3	0.42	0.873
29.2	0.422	0.881
30.2	0.424	0.889
31.2	0.425	0.895
32.2	0.426	0.902
33.2	0.427	0.91
34.3	0.427	0.913
35.5	0.427	0.918
36.6	0.427	0.922
37.8	0.425	0.924
39.1	0.424	0.925
40.3	0.422	0.925
41.6	0.42	0.923
42.9	0.418	0.922
44.3	0.414	0.916
45.7	0.411	0.912
47.2	0.408	0.907
48.7	0.404	0.903
50.4	0.401	0.9
52	0.398	0.896
53.6	0.396	0.897
55	0.394	0.896
56.4	0.393	0.897
57.7	0.392	0.898
58.9	0.391	0.901
60.1	0.39	0.902
61.2	0.389	0.903
62.3	0.389	0.907
63.3	0.388	0.909
64.4	0.388	0.911
65.3	0.387	0.913
66.3	0.387	0.916
67.2	0.386	0.918
68.1	0.386	0.921
69	0.386	0.923
69.8	0.386	0.927
70.7	0.385	0.928
71.5	0.385	0.931
72.3	0.385	0.935
73	0.384	0.935
73.9	0.384	0.939
74.6	0.384	0.941
75.3	0.384	0.944
76	0.383	0.945
76.7	0.383	0.947
77.3	0.384	0.951
78	0.384	0.954
78.6	0.383	0.956
79.2	0.383	0.956
79.9	0.383	0.959
80.5	0.383	0.962
81	0.382	0.963
81.6	0.383	0.965
82.2	0.383	0.968
82.7	0.383	0.971
83.3	0.382	0.972
83.9	0.382	0.975
84.4	0.382	0.976
84.9	0.382	0.979
85.4	0.382	0.98
86	0.382	0.982
86.4	0.382	0.984
86.9	0.382	0.985
87.4	0.381	0.987
87.9	0.382	0.989
88.3	0.381	0.991
88.8	0.381	0.992
89.2	0.381	0.995
89.6	0.381	0.996
90.1	0.381	0.998
90.6	0.381	1
91	0.381	1
91.4	0.381	1
91.8	0.381	1
92.2	0.381	1.01
92.6	0.381	1.01
92.9	0.381	1.01
93.4	0.381	1.01
93.7	0.38	1.01
94.1	0.381	1.01
94.5	0.381	1.02
94.8	0.38	1.02
95.2	0.38	1.02
95.5	0.38	1.02
95.9	0.38	1.02
96.3	0.38	1.02
96.6	0.38	1.02
96.9	0.38	1.03
97.3	0.38	1.03
97.6	0.38	1.03
98	0.38	1.03
98.3	0.38	1.03
98.6	0.38	1.03
98.9	0.38	1.03
99.2	0.38	1.03
99.6	0.379	1.03
99.8	0.379	1.04
100	0.379	1.04
100	0.379	1.04
101	0.379	1.04
101	0.379	1.04
101	0.379	1.04
102	0.379	1.04
102	0.379	1.04
102	0.379	1.05
102	0.379	1.05
103	0.379	1.05
103	0.379	1.05
103	0.379	1.05
104	0.379	1.05
104	0.379	1.05
104	0.378	1.05
104	0.378	1.05
105	0.378	1.05
105	0.378	1.06
105	0.378	1.06
105	0.378	1.06
106	0.379	1.06
106	0.378	1.06
106	0.378	1.06
106	0.378	1.06
107	0.378	1.06
107	0.378	1.06
107	0.378	1.07
107	0.378	1.07
108	0.378	1.07
108	0.378	1.07
108	0.378	1.07
108	0.378	1.07
108	0.378	1.07
109	0.378	1.07
109	0.378	1.07
109	0.378	1.07
109	0.377	1.07
110	0.377	1.08
110	0.377	1.08
110	0.377	1.08
110	0.377	1.08
110	0.377	1.08
111	0.377	1.08
111	0.377	1.08
111	0.377	1.08
111	0.377	1.08
112	0.377	1.08
112	0.377	1.08
112	0.376	1.08
112	0.377	1.08
112	0.377	1.09
113	0.377	1.09
113	0.377	1.09
113	0.377	1.09
113	0.376	1.09
113	0.376	1.09
114	0.376	1.09
114	0.376	1.09
114	0.376	1.09
114	0.376	1.09
114	0.376	1.09
115	0.376	1.1
115	0.376	1.1
115	0.376	1.1
115	0.376	1.1
115	0.376	1.1
116	0.376	1.1
116	0.376	1.1
116	0.376	1.1
116	0.376	1.1
116	0.375	1.1
116	0.376	1.1
117	0.376	1.1
117	0.375	1.1
117	0.376	1.1
117	0.375	1.1
117	0.375	1.1
117	0.375	1.11
118	0.375	1.11
118	0.375	1.11
118	0.375	1.11
118	0.375	1.11
118	0.376	1.11
119	0.375	1.11
119	0.375	1.11
119	0.375	1.11
119	0.375	1.11
119	0.375	1.11
119	0.375	1.11
120	0.375	1.12
120	0.375	1.12
120	0.375	1.12
120	0.375	1.12
120	0.375	1.12
120	0.375	1.12
120	0.375	1.12
121	0.374	1.12
121	0.375	1.12
121	0.374	1.12
121	0.374	1.12
121	0.374	1.12
122	0.374	1.12
122	0.374	1.12
122	0.374	1.13
122	0.374	1.13
122	0.374	1.13
123	0.374	1.13
123	0.374	1.13
123	0.374	1.13
123	0.374	1.13
123	0.374	1.13
123	0.374	1.13
123	0.374	1.13
123	0.374	1.13
123	0.373	1.13
123	0.374	1.13
124	0.374	1.13
124	0.374	1.13
124	0.374	1.13
124	0.374	1.13
125	0.373	1.13
125	0.373	1.14
125	0.373	1.14
126	0.374	1.14
126	0.374	1.14
126	0.374	1.15
126	0.374	1.15
126	0.373	1.15
127	0.373	1.15
126	0.373	1.15
126	0.373	1.14
126	0.373	1.14
126	0.373	1.14
125	0.372	1.13
125	0.372	1.13
124	0.372	1.13
124	0.372	1.13
124	0.372	1.13
125	0.372	1.13
125	0.372	1.14
126	0.373	1.14
127	0.373	1.15
128	0.373	1.16
130	0.373	1.16
131	0.374	1.17
132	0.373	1.18
133	0.374	1.18
133	0.374	1.19
134	0.374	1.19
135	0.374	1.2
136	0.374	1.2
136	0.374	1.21
136	0.374	1.21
136	0.374	1.21
136	0.374	1.21
136	0.373	1.2
134	0.373	1.19
132	0.371	1.16
129	0.37	1.14
125	0.368	1.11
122	0.365	1.07
119	0.36	1.03
118	0.352	0.967
117	0.346	0.932
117	0.341	0.9
116	0.335	0.872
115	0.33	0.845
114	0.326	0.825
113	0.323	0.811
111	0.322	0.804
108	0.323	0.805
105	0.327	0.818
101	0.335	0.847
96.9	0.346	0.887
93.7	0.359	0.932
91	0.371	0.977
88.9	0.383	1.02
87.1	0.395	1.07
85.6	0.407	1.11
84.5	0.419	1.16
83.9	0.43	1.2
84	0.439	1.25
85.2	0.446	1.29
87.7	0.45	1.33
91.5	0.45	1.36
96.8	0.447	1.38
103	0.441	1.39
110	0.433	1.39
115	0.423	1.37
118	0.414	1.33
119	0.404	1.28
118	0.396	1.22
116	0.389	1.17
115	0.383	1.13
113	0.378	1.09
110	0.374	1.06
108	0.37	1.03
106	0.368	1.01
103	0.367	0.999
102	0.368	1
105	0.368	1.01
109	0.368	1.03
112	0.368	1.05
116	0.37	1.07
121	0.371	1.1
125	0.372	1.13
128	0.373	1.15
131	0.373	1.17
133	0.373	1.18
135	0.374	1.2
137	0.374	1.21
139	0.374	1.22
140	0.375	1.24
142	0.374	1.24
143	0.375	1.26
145	0.375	1.27
146	0.375	1.27
147	0.376	1.29
148	0.376	1.29
149	0.376	1.3
150	0.376	1.31
151	0.377	1.32
152	0.377	1.32
152	0.377	1.33
153	0.377	1.33
154	0.377	1.34
154	0.377	1.35
155	0.377	1.35
155	0.377	1.35
155	0.377	1.36
156	0.377	1.36
156	0.377	1.36
156	0.377	1.36
156	0.377	1.36
156	0.377	1.35
155	0.377	1.35
154	0.376	1.34
152	0.375	1.31
149	0.372	1.27
147	0.366	1.21
147	0.362	1.16
147	0.361	1.14
147	0.359	1.11
147	0.355	1.08
147	0.349	1.04
146	0.344	1
145	0.339	0.97
144	0.333	0.938
143	0.329	0.911
141	0.325	0.886
139	0.322	0.867
136	0.32	0.852
133	0.319	0.842
130	0.319	0.838
127	0.321	0.84
123	0.324	0.849
119	0.329	0.867
114	0.337	0.897
110	0.347	0.935
106	0.359	0.981
103	0.372	1.03
100	0.385	1.08
97.6	0.398	1.14
95.5	0.411	1.19
93.7	0.424	1.25
92.2	0.438	1.31
90.9	0.451	1.36
90.2	0.463	1.42
90.5	0.473	1.48
92.2	0.48	1.54
95.4	0.483	1.59
100	0.484	1.65
106	0.483	1.71
113	0.481	1.77
120	0.478	1.85
129	0.474	1.93
137	0.47	2.01
146	0.465	2.08
153	0.459	2.13
