5.68	0.459	0.755
5.79	0.455	0.75
5.86	0.45	0.745
5.48	0.448	0.75
7.4	0.384	0.753
11.4	0.324	0.671
20.9	0.262	0.558
24.2	0.247	0.526
30.1	0.223	0.473
36	0.203	0.43
39.1	0.193	0.409
40.8	0.189	0.399
42.4	0.184	0.389
44	0.181	0.382
45.6	0.177	0.373
47.3	0.173	0.364
48.9	0.169	0.357
50.5	0.166	0.348
52	0.162	0.341
53.4	0.16	0.335
54.2	0.157	0.33
53.5	0.157	0.33
51.7	0.16	0.337
50	0.163	0.344
48.5	0.165	0.348
47.1	0.168	0.353
45.8	0.17	0.358
44.5	0.172	0.363
43.3	0.175	0.368
42.1	0.177	0.374
41	0.179	0.377
39.9	0.181	0.382
38.9	0.183	0.386
37.9	0.185	0.39
37	0.187	0.395
36.1	0.189	0.399
35.2	0.192	0.406
34.4	0.193	0.408
33.6	0.194	0.412
32.8	0.198	0.419
32	0.198	0.42
31.3	0.199	0.422
30.6	0.201	0.425
30	0.202	0.429
29.3	0.204	0.433
28.7	0.206	0.438
28.1	0.209	0.443
27.5	0.209	0.444
27	0.21	0.445
26.5	0.211	0.447
26	0.214	0.454
25.6	0.214	0.453
25.2	0.214	0.455
24.7	0.215	0.457
24.4	0.217	0.46
24	0.218	0.463
23.6	0.219	0.464
23.3	0.219	0.465
22.9	0.22	0.466
22.6	0.221	0.468
22.3	0.222	0.471
22	0.223	0.472
21.7	0.224	0.474
21.4	0.224	0.475
21.2	0.225	0.476
20.9	0.225	0.476
20.7	0.225	0.477
20.5	0.226	0.478
20.2	0.227	0.48
20	0.227	0.481
19.8	0.228	0.482
19.6	0.228	0.483
19.4	0.228	0.482
19.2	0.228	0.483
19.1	0.229	0.485
18.9	0.23	0.486
18.7	0.23	0.486
18.6	0.229	0.485
18.5	0.23	0.486
18.4	0.231	0.488
18.3	0.231	0.488
18.3	0.23	0.487
18.2	0.23	0.486
18.1	0.229	0.485
18	0.229	0.485
17.9	0.229	0.485
17.9	0.229	0.484
17.8	0.229	0.484
17.8	0.229	0.484
17.8	0.229	0.484
17.7	0.229	0.484
17.7	0.229	0.483
17.7	0.228	0.482
17.7	0.228	0.482
17.7	0.228	0.482
17.7	0.228	0.482
17.7	0.228	0.482
17.7	0.228	0.482
17.7	0.228	0.482
17.7	0.228	0.481
17.7	0.228	0.481
17.7	0.228	0.481
17.7	0.228	0.481
17.7	0.228	0.481
17.7	0.227	0.481
17.7	0.227	0.481
17.7	0.227	0.481
17.7	0.227	0.48
17.7	0.227	0.48
17.7	0.227	0.48
17.7	0.227	0.48
17.7	0.227	0.48
17.7	0.227	0.479
17.7	0.227	0.479
17.7	0.226	0.479
17.7	0.226	0.478
17.7	0.226	0.478
17.7	0.226	0.478
17.7	0.226	0.478
17.7	0.226	0.478
17.7	0.226	0.478
17.7	0.226	0.478
17.7	0.226	0.478
17.8	0.226	0.478
17.8	0.226	0.477
17.8	0.226	0.477
17.8	0.226	0.477
17.8	0.225	0.477
17.8	0.226	0.477
17.8	0.225	0.477
17.8	0.225	0.477
17.8	0.225	0.477
17.8	0.225	0.476
17.8	0.225	0.476
17.8	0.225	0.476
17.8	0.225	0.476
17.8	0.225	0.476
17.8	0.225	0.476
17.8	0.225	0.476
17.8	0.225	0.476
17.8	0.225	0.476
17.8	0.225	0.476
17.8	0.225	0.476
17.8	0.225	0.476
17.8	0.225	0.476
17.8	0.225	0.476
17.8	0.225	0.475
17.8	0.225	0.475
17.6	0.226	0.477
17.6	0.226	0.478
17.6	0.226	0.477
17.7	0.225	0.477
17.7	0.225	0.476
17.7	0.225	0.476
17.7	0.225	0.475
17.8	0.224	0.474
17.9	0.224	0.473
17.9	0.223	0.472
18	0.223	0.471
18.1	0.222	0.47
18.1	0.222	0.47
18.2	0.222	0.469
18.2	0.221	0.468
18.3	0.221	0.467
18.3	0.22	0.467
18.4	0.22	0.466
18.4	0.22	0.465
18.5	0.219	0.465
18.5	0.219	0.465
18.6	0.219	0.464
18.6	0.218	0.463
18.7	0.218	0.462
18.8	0.217	0.461
19	0.216	0.459
19.1	0.216	0.459
19.1	0.216	0.458
19.2	0.215	0.457
19.4	0.214	0.455
19.5	0.214	0.454
19.5	0.214	0.454
19.7	0.213	0.452
19.6	0.213	0.453
19.7	0.213	0.452
19.8	0.212	0.451
19.9	0.212	0.45
20	0.212	0.45
20	0.211	0.449
20.1	0.211	0.448
20.2	0.21	0.447
20.2	0.21	0.447
20.3	0.21	0.447
20.3	0.21	0.447
20.5	0.21	0.446
20.6	0.209	0.445
20.6	0.209	0.444
20.7	0.208	0.444
20.7	0.208	0.444
20.8	0.208	0.443
20.8	0.208	0.443
20.8	0.208	0.442
20.9	0.208	0.442
20.9	0.207	0.442
21	0.207	0.441
21	0.207	0.44
21.2	0.206	0.439
21.2	0.206	0.439
21.3	0.206	0.438
21.4	0.205	0.437
21.5	0.205	0.436
21.6	0.204	0.435
21.6	0.204	0.435
21.7	0.204	0.434
21.8	0.203	0.434
21.9	0.203	0.432
22	0.202	0.432
22.1	0.202	0.43
22.3	0.201	0.429
22.4	0.201	0.428
22.6	0.2	0.427
22.7	0.2	0.426
22.8	0.199	0.425
22.9	0.199	0.425
22.9	0.199	0.425
23	0.198	0.424
23.2	0.198	0.423
23.3	0.197	0.421
23.6	0.196	0.419
24.2	0.194	0.415
24.9	0.192	0.411
25.3	0.19	0.408
25.7	0.189	0.406
25.9	0.189	0.405
26	0.188	0.404
26.2	0.188	0.403
26.6	0.187	0.401
27.3	0.185	0.397
28.2	0.183	0.393
29.3	0.18	0.388
30.3	0.177	0.383
31.4	0.175	0.378
32.4	0.173	0.375
33.4	0.172	0.371
34.2	0.17	0.368
35	0.168	0.364
35.8	0.166	0.36
36.5	0.165	0.356
36.9	0.163	0.352
37.2	0.162	0.35
37.4	0.162	0.349
37.5	0.162	0.348
37.6	0.161	0.347
37.9	0.16	0.344
38.4	0.158	0.34
39	0.155	0.333
39.4	0.152	0.326
38.1	0.153	0.326
36.4	0.155	0.331
35	0.158	0.338
33.7	0.161	0.344
32.4	0.164	0.351
31.2	0.168	0.358
30.1	0.171	0.365
29	0.175	0.372
28	0.178	0.38
27.1	0.182	0.387
26.2	0.185	0.395
25.3	0.189	0.402
24.6	0.192	0.41
23.9	0.196	0.417
23.4	0.199	0.424
23.1	0.202	0.431
23.4	0.205	0.436
24	0.205	0.438
24.8	0.205	0.438
25.5	0.204	0.437
26.3	0.204	0.436
27.2	0.203	0.434
28.1	0.201	0.432
29	0.2	0.43
30	0.199	0.428
31	0.198	0.426
32	0.196	0.423
33.2	0.195	0.42
34.3	0.193	0.417
35.5	0.191	0.414
36.8	0.19	0.411
38.1	0.188	0.407
39.5	0.186	0.404
41	0.184	0.4
42.5	0.182	0.397
44.1	0.181	0.393
45.8	0.179	0.389
47.5	0.177	0.385
49.4	0.175	0.381
51.3	0.173	0.377
53.3	0.171	0.373
55.4	0.169	0.369
57.6	0.166	0.365
59.9	0.164	0.36
62.3	0.162	0.356
64.7	0.16	0.352
67.3	0.158	0.348
70	0.156	0.344
72.7	0.154	0.339
75.5	0.152	0.335
78.4	0.15	0.332
81.3	0.149	0.328
84.3	0.147	0.324
87.3	0.145	0.321
90.3	0.144	0.317
93.4	0.142	0.314
96.4	0.141	0.311
99.4	0.139	0.308
102	0.138	0.305
105	0.137	0.303
108	0.135	0.3
111	0.134	0.297
114	0.133	0.295
117	0.132	0.293
120	0.131	0.291
123	0.13	0.288
126	0.129	0.286
129	0.128	0.284
133	0.127	0.282
136	0.126	0.28
139	0.125	0.279
142	0.124	0.277
145	0.124	0.276
148	0.123	0.275
151	0.123	0.274
154	0.123	0.273
157	0.122	0.273
159	0.122	0.273
162	0.123	0.274
163	0.124	0.276
165	0.125	0.279
165	0.127	0.284
166	0.13	0.29
166	0.133	0.297
166	0.137	0.306
166	0.141	0.316
166	0.145	0.325
166	0.151	0.338
166	0.157	0.351
165	0.163	0.366
165	0.17	0.381
166	0.177	0.397
166	0.184	0.413
167	0.19	0.426
169	0.197	0.441
170	0.204	0.457
172	0.21	0.471
175	0.215	0.482
178	0.22	0.494
181	0.225	0.504
184	0.229	0.514
188	0.231	0.519
193	0.234	0.525
197	0.236	0.53
202	0.238	0.535
207	0.239	0.538
213	0.237	0.533
218	0.238	0.534
224	0.238	0.535
230	0.238	0.536
236	0.238	0.537
242	0.237	0.533
248	0.237	0.534
254	0.237	0.535
260	0.238	0.537
265	0.239	0.54
270	0.24	0.544
274	0.24	0.544
278	0.242	0.549
281	0.244	0.557
284	0.247	0.565
285	0.247	0.567
287	0.252	0.58
289	0.257	0.595
290	0.26	0.604
292	0.268	0.63
294	0.271	0.64
296	0.277	0.659
297	0.28	0.669
299	0.286	0.688
300	0.292	0.708
302	0.297	0.724
303	0.303	0.744
305	0.309	0.766
306	0.313	0.78
308	0.319	0.802
309	0.325	0.825
310	0.329	0.84
312	0.336	0.863
313	0.341	0.881
314	0.346	0.904
315	0.352	0.927
316	0.357	0.946
317	0.363	0.969
318	0.367	0.986
319	0.373	1.01
320	0.378	1.03
320	0.382	1.05
321	0.388	1.07
321	0.393	1.09
322	0.399	1.12
322	0.403	1.14
322	0.409	1.16
322	0.41	1.17
322	0.411	1.17
322	0.411	1.17
322	0.411	1.17
322	0.411	1.18
322	0.412	1.18
322	0.412	1.18
322	0.412	1.18
322	0.412	1.18
322	0.412	1.18
322	0.412	1.18
322	0.412	1.18
322	0.412	1.18
323	0.412	1.18
323	0.412	1.18
323	0.412	1.18
323	0.412	1.18
323	0.412	1.18
323	0.413	1.18
323	0.413	1.18
322	0.413	1.18
322	0.413	1.18
322	0.413	1.18
322	0.413	1.18
322	0.413	1.18
322	0.413	1.18
322	0.414	1.18
322	0.414	1.19
322	0.414	1.19
322	0.415	1.19
322	0.415	1.19
322	0.416	1.19
322	0.417	1.2
323	0.417	1.2
323	0.418	1.21
323	0.419	1.21
323	0.421	1.22
324	0.42	1.22
324	0.422	1.22
325	0.423	1.23
325	0.424	1.24
326	0.426	1.24
326	0.427	1.25
326	0.428	1.26
327	0.43	1.27
328	0.431	1.27
328	0.431	1.27
329	0.433	1.28
329	0.434	1.29
330	0.435	1.29
330	0.436	1.3
331	0.437	1.31
332	0.439	1.31
332	0.439	1.31
333	0.441	1.32
334	0.44	1.32
334	0.442	1.33
335	0.441	1.33
336	0.442	1.33
336	0.443	1.34
337	0.442	1.33
337	0.443	1.34
338	0.444	1.34
338	0.443	1.34
339	0.444	1.34
339	0.444	1.35
340	0.445	1.35
340	0.446	1.35
341	0.446	1.36
341	0.447	1.36
341	0.446	1.35
342	0.446	1.36
342	0.446	1.36
342	0.447	1.36
343	0.447	1.36
343	0.447	1.36
343	0.447	1.36
343	0.448	1.37
343	0.448	1.37
343	0.448	1.37
343	0.448	1.37
344	0.448	1.37
344	0.448	1.37
344	0.449	1.37
345	0.449	1.38
345	0.45	1.38
345	0.45	1.38
345	0.45	1.38
345	0.453	1.4
346	0.459	1.43
347	0.463	1.45
348	0.467	1.47
348	0.472	1.5
348	0.477	1.53
348	0.481	1.56
347	0.482	1.56
347	0.483	1.56
346	0.484	1.57
345	0.487	1.58
344	0.487	1.58
344	0.489	1.59
343	0.49	1.59
343	0.492	1.6
343	0.492	1.6
342	0.492	1.6
342	0.492	1.6
342	0.492	1.61
342	0.492	1.61
342	0.492	1.61
341	0.493	1.61
341	0.494	1.62
341	0.494	1.62
341	0.494	1.62
341	0.495	1.62
341	0.495	1.62
340	0.496	1.63
340	0.497	1.63
340	0.497	1.63
340	0.498	1.63
340	0.498	1.63
339	0.499	1.64
339	0.5	1.64
339	0.5	1.65
339	0.501	1.65
339	0.502	1.65
339	0.502	1.66
339	0.504	1.67
339	0.505	1.67
339	0.505	1.67
339	0.506	1.68
339	0.507	1.69
339	0.508	1.69
339	0.51	1.7
339	0.511	1.71
340	0.512	1.71
340	0.513	1.72
340	0.513	1.73
340	0.515	1.73
341	0.516	1.74
341	0.517	1.75
342	0.518	1.75
342	0.519	1.76
342	0.52	1.77
343	0.52	1.77
343	0.521	1.78
344	0.522	1.78
344	0.524	1.79
345	0.525	1.8
345	0.526	1.81
346	0.526	1.81
346	0.527	1.82
346	0.528	1.83
347	0.529	1.83
347	0.53	1.84
348	0.53	1.84
348	0.531	1.85
348	0.532	1.85
349	0.532	1.85
349	0.532	1.86
349	0.533	1.86
350	0.534	1.87
350	0.534	1.87
350	0.535	1.88
350	0.536	1.88
351	0.537	1.89
351	0.538	1.9
351	0.539	1.9
351	0.539	1.9
351	0.54	1.91
351	0.54	1.91
351	0.541	1.92
351	0.542	1.92
350	0.542	1.92
350	0.543	1.92
350	0.543	1.92
350	0.543	1.92
350	0.543	1.92
350	0.543	1.92
350	0.543	1.92
350	0.543	1.92
350	0.543	1.92
350	0.543	1.92
349	0.543	1.92
349	0.543	1.92
349	0.543	1.92
349	0.543	1.92
349	0.543	1.92
349	0.543	1.92
349	0.543	1.92
349	0.543	1.92
349	0.543	1.92
349	0.544	1.92
349	0.544	1.92
349	0.544	1.92
349	0.544	1.92
348	0.544	1.92
348	0.545	1.92
348	0.545	1.92
348	0.545	1.92
348	0.545	1.92
348	0.545	1.93
348	0.545	1.93
348	0.545	1.93
348	0.545	1.93
348	0.545	1.93
348	0.545	1.93
347	0.545	1.93
347	0.546	1.93
347	0.546	1.93
346	0.547	1.93
346	0.547	1.93
345	0.548	1.93
345	0.549	1.94
345	0.549	1.94
345	0.549	1.94
345	0.549	1.94
344	0.549	1.94
344	0.549	1.94
344	0.549	1.94
344	0.549	1.94
344	0.549	1.93
344	0.55	1.94
344	0.55	1.94
344	0.55	1.94
344	0.55	1.94
344	0.55	1.94
344	0.55	1.94
344	0.55	1.94
344	0.55	1.94
343	0.55	1.94
343	0.55	1.94
343	0.55	1.94
343	0.55	1.94
343	0.55	1.94
343	0.55	1.94
343	0.551	1.94
342	0.551	1.94
342	0.551	1.94
342	0.551	1.94
342	0.552	1.94
341	0.552	1.94
341	0.552	1.94
341	0.552	1.94
341	0.552	1.94
341	0.552	1.94
341	0.552	1.94
341	0.552	1.94
341	0.552	1.94
341	0.552	1.94
341	0.552	1.94
341	0.552	1.94
341	0.552	1.94
341	0.552	1.94
341	0.552	1.94
341	0.552	1.94
341	0.552	1.94
341	0.552	1.94
341	0.552	1.94
341	0.552	1.94
341	0.552	1.94
341	0.552	1.94
341	0.552	1.94
341	0.552	1.94
341	0.552	1.94
341	0.552	1.94
341	0.553	1.94
341	0.553	1.94
341	0.553	1.94
341	0.553	1.94
341	0.553	1.94
340	0.553	1.94
340	0.553	1.94
340	0.553	1.94
340	0.553	1.94
340	0.553	1.94
340	0.553	1.94
340	0.553	1.94
340	0.553	1.94
340	0.553	1.94
340	0.553	1.94
340	0.553	1.94
340	0.553	1.94
340	0.553	1.94
340	0.553	1.94
340	0.553	1.94
340	0.553	1.94
340	0.553	1.94
340	0.553	1.94
340	0.553	1.94
340	0.553	1.94
340	0.553	1.94
340	0.553	1.94
340	0.553	1.94
340	0.553	1.94
340	0.553	1.94
340	0.553	1.94
340	0.553	1.94
340	0.553	1.94
340	0.553	1.94
340	0.553	1.94
340	0.553	1.94
340	0.553	1.94
340	0.553	1.94
340	0.553	1.94
340	0.553	1.94
340	0.553	1.94
339	0.553	1.94
339	0.553	1.94
339	0.553	1.94
339	0.553	1.94
339	0.554	1.94
339	0.554	1.94
339	0.555	1.95
339	0.555	1.95
339	0.555	1.95
339	0.555	1.95
338	0.556	1.95
338	0.556	1.95
338	0.557	1.95
338	0.557	1.95
338	0.558	1.95
338	0.559	1.96
337	0.559	1.96
337	0.56	1.96
337	0.56	1.96
337	0.561	1.97
336	0.562	1.97
336	0.589	2.11
336	0.589	2.11
335	0.589	2.11
335	0.59	2.11
335	0.59	2.11
334	0.59	2.11
334	0.591	2.11
333	0.591	2.11
333	0.591	2.1
332	0.592	2.1
332	0.592	2.1
331	0.592	2.1
331	0.592	2.1
331	0.593	2.1
331	0.593	2.1
330	0.593	2.09
330	0.593	2.09
330	0.593	2.09
330	0.593	2.09
330	0.593	2.09
330	0.593	2.09
330	0.593	2.09
329	0.593	2.09
329	0.593	2.09
329	0.593	2.09
329	0.593	2.08
328	0.593	2.08
328	0.593	2.08
328	0.593	2.08
327	0.593	2.08
327	0.593	2.07
327	0.593	2.07
327	0.593	2.07
327	0.593	2.07
327	0.593	2.07
327	0.593	2.07
327	0.593	2.07
327	0.593	2.07
327	0.593	2.07
326	0.593	2.07
326	0.593	2.07
326	0.593	2.07
326	0.593	2.07
326	0.593	2.07
326	0.593	2.06
326	0.593	2.06
326	0.593	2.06
326	0.593	2.06
325	0.593	2.06
325	0.593	2.06
325	0.593	2.06
325	0.593	2.06
325	0.593	2.06
325	0.593	2.06
325	0.593	2.05
324	0.593	2.05
324	0.592	2.05
324	0.593	2.05
323	0.593	2.05
323	0.593	2.04
322	0.593	2.04
321	0.594	2.03
320	0.595	2.03
319	0.595	2.03
319	0.597	2.02
318	0.598	2.02
318	0.6	2.03
318	0.605	2.04
322	0.624	2.1
327	0.641	2.15
331	0.655	2.19
333	0.663	2.21
334	0.666	2.22
335	0.668	2.23
335	0.672	2.24
336	0.675	2.24
337	0.678	2.25
338	0.682	2.26
339	0.683	2.27
341	0.686	2.26
342	0.69	2.27
343	0.692	2.27
344	0.697	2.26
345	0.695	2.3
347	0.7	2.32
348	0.702	2.3
350	0.705	2.31
351	0.708	2.32
353	0.714	2.33
354	0.717	2.32
356	0.717	2.34
357	0.723	2.34
359	0.724	2.36
361	0.73	2.44
363	0.703	2.6
366	0.705	2.7
368	0.706	2.82
371	0.708	2.96
374	0.71	3.12
377	0.71	3.28
379	0.71	3.43
382	0.707	3.56
385	0.703	3.66
388	0.685	3.65
391	0.617	3.2
395	0.625	3.28
398	0.633	3.37
401	0.64	3.46
404	0.647	3.55
408	0.655	3.64
411	0.661	3.73
415	0.668	3.83
419	0.674	3.92
423	0.68	4.02
427	0.686	4.12
431	0.691	4.23
436	0.696	4.33
440	0.7	4.43
445	0.704	4.53
449	0.708	4.63
454	0.712	4.73
458	0.716	4.84
461	0.721	4.95
464	0.726	5.07
466	0.732	5.2
468	0.738	5.33
470	0.744	5.47
473	0.749	5.61
476	0.754	5.77
480	0.757	5.95
485	0.76	6.15
490	0.761	6.34
