17.3	0.27	0.483
17.4	0.269	0.482
17.5	0.268	0.481
17.5	0.267	0.48
17.6	0.266	0.479
17.7	0.265	0.477
17.8	0.264	0.476
17.9	0.263	0.475
18	0.262	0.474
18	0.261	0.472
18.1	0.26	0.471
18.2	0.259	0.47
18.3	0.258	0.468
18.4	0.257	0.467
18.5	0.256	0.466
18.6	0.255	0.464
18.7	0.254	0.463
18.8	0.253	0.462
18.9	0.249	0.459
19	0.247	0.458
19.1	0.254	0.46
19.2	0.251	0.456
19.3	0.25	0.454
19.4	0.249	0.452
19.5	0.247	0.451
19.6	0.246	0.449
19.7	0.245	0.448
19.8	0.245	0.448
20	0.244	0.446
20.1	0.242	0.445
20.2	0.241	0.443
20.3	0.24	0.441
20.4	0.239	0.44
20.5	0.237	0.438
20.7	0.236	0.436
20.8	0.235	0.434
20.9	0.233	0.433
21	0.232	0.431
21.1	0.231	0.429
21.2	0.229	0.427
21.3	0.228	0.425
21.5	0.226	0.423
21.5	0.225	0.421
21.6	0.223	0.418
21.7	0.222	0.416
21.7	0.22	0.414
21.8	0.219	0.412
21.8	0.217	0.41
21.7	0.216	0.408
21.7	0.215	0.406
21.6	0.214	0.405
21.6	0.213	0.403
21.5	0.212	0.402
21.4	0.211	0.401
21.3	0.21	0.399
21.2	0.209	0.398
21.1	0.208	0.397
21	0.207	0.396
20.9	0.207	0.394
20.8	0.206	0.393
20.8	0.205	0.392
20.7	0.204	0.391
20.6	0.204	0.39
20.6	0.203	0.39
20.5	0.203	0.388
20.4	0.202	0.387
20.3	0.201	0.386
20.3	0.2	0.385
20.2	0.2	0.384
20.1	0.199	0.383
20	0.198	0.381
20	0.197	0.38
19.9	0.196	0.379
19.8	0.195	0.378
19.7	0.195	0.377
19.7	0.194	0.376
19.6	0.193	0.375
19.5	0.192	0.373
19.5	0.191	0.372
19.4	0.191	0.371
19.3	0.19	0.37
19.3	0.189	0.369
19.2	0.188	0.368
19.1	0.188	0.367
19.1	0.187	0.366
19	0.186	0.365
19	0.185	0.364
18.9	0.184	0.363
18.8	0.176	0.353
18.8	0.17	0.346
18.8	0.173	0.351
18.7	0.172	0.35
18.8	0.167	0.347
18.9	0.167	0.349
19	0.166	0.351
19	0.166	0.351
19.1	0.166	0.354
19.2	0.165	0.354
19.4	0.165	0.357
19.5	0.165	0.359
19.6	0.164	0.361
19.7	0.164	0.363
19.9	0.163	0.363
20	0.163	0.364
20.2	0.162	0.364
20.3	0.161	0.364
20.5	0.161	0.364
20.7	0.16	0.363
20.9	0.159	0.363
21	0.158	0.362
21.2	0.157	0.362
21.4	0.156	0.361
21.6	0.155	0.36
21.8	0.154	0.359
22	0.153	0.358
22.2	0.152	0.357
22.4	0.151	0.356
22.6	0.151	0.355
22.8	0.149	0.353
23	0.148	0.352
23.2	0.147	0.351
23.4	0.146	0.349
23.7	0.145	0.348
23.9	0.144	0.347
24.1	0.143	0.345
24.4	0.142	0.344
24.6	0.141	0.342
24.8	0.14	0.341
25.1	0.139	0.339
25.3	0.138	0.338
25.6	0.137	0.336
25.8	0.136	0.335
26.1	0.135	0.333
26.4	0.134	0.331
26.6	0.133	0.33
26.9	0.132	0.328
27.2	0.131	0.326
27.5	0.13	0.324
27.8	0.129	0.323
28	0.128	0.321
28.3	0.127	0.319
28.6	0.126	0.317
28.9	0.125	0.315
29.2	0.124	0.313
29.6	0.123	0.312
29.9	0.122	0.31
30.2	0.121	0.308
30.5	0.12	0.306
30.8	0.12	0.305
31.2	0.119	0.303
31.5	0.118	0.301
31.9	0.117	0.299
32.2	0.116	0.297
32.6	0.115	0.295
32.9	0.114	0.293
33.3	0.113	0.291
33.7	0.112	0.289
34	0.111	0.287
34.4	0.11	0.285
34.8	0.109	0.283
35.2	0.108	0.281
35.6	0.107	0.279
36	0.106	0.277
36.4	0.105	0.275
36.9	0.104	0.273
37.3	0.103	0.271
37.7	0.102	0.269
38.2	0.101	0.267
38.6	0.1	0.265
39.1	0.0996	0.263
39.5	0.0987	0.261
40	0.0977	0.259
40.5	0.0968	0.257
40.9	0.0959	0.255
41.4	0.095	0.253
41.9	0.0941	0.251
42.4	0.0933	0.249
43	0.0924	0.247
43.5	0.0915	0.245
44	0.0906	0.243
44.6	0.0897	0.241
45.1	0.0889	0.239
45.7	0.088	0.237
46.2	0.0871	0.235
46.4	0.0869	0.234
46.8	0.0863	0.233
47.4	0.0854	0.231
48	0.0845	0.229
48.6	0.0837	0.227
49.3	0.0828	0.225
49.9	0.082	0.223
50.5	0.0812	0.221
51.2	0.0803	0.219
51.9	0.0795	0.217
52.5	0.0787	0.215
53.2	0.0778	0.213
53.9	0.077	0.211
54.7	0.0762	0.209
55.4	0.0754	0.207
56.1	0.0746	0.205
56.9	0.0738	0.203
57.7	0.073	0.201
58.4	0.0722	0.199
59.2	0.0714	0.197
60.1	0.0706	0.195
60.9	0.0698	0.193
61.7	0.069	0.191
62.6	0.0682	0.189
63.5	0.0674	0.187
64.4	0.0667	0.185
65.3	0.0659	0.183
66.3	0.0651	0.181
67.2	0.0643	0.179
68.2	0.0636	0.177
69.2	0.0628	0.175
70.3	0.062	0.173
71.3	0.0613	0.171
72.4	0.0605	0.169
73.5	0.0597	0.167
74.6	0.059	0.165
75.7	0.0582	0.162
76.9	0.0575	0.16
78.1	0.0567	0.158
79.3	0.056	0.156
80.6	0.0553	0.154
81.8	0.0545	0.152
83.1	0.0538	0.151
84.5	0.0531	0.149
85.8	0.0523	0.147
87.2	0.0516	0.145
88.6	0.0509	0.143
90.1	0.0502	0.141
91.6	0.0495	0.139
93.1	0.0488	0.137
94.6	0.0481	0.135
96.2	0.0474	0.133
97.8	0.0467	0.131
99.5	0.046	0.129
101	0.0453	0.127
103	0.0446	0.125
105	0.0439	0.123
107	0.0433	0.122
108	0.0426	0.12
110	0.0419	0.118
112	0.0413	0.116
114	0.0406	0.114
116	0.04	0.112
118	0.0393	0.111
121	0.0387	0.109
123	0.0381	0.107
125	0.0375	0.105
127	0.0368	0.104
130	0.0362	0.102
132	0.0356	0.1
134	0.035	0.0985
137	0.0344	0.0969
140	0.0339	0.0953
142	0.0333	0.0936
145	0.0327	0.092
148	0.0322	0.0904
150	0.0316	0.0889
153	0.031	0.0873
156	0.0305	0.0858
159	0.03	0.0843
162	0.0294	0.0828
166	0.0289	0.0813
169	0.0284	0.0798
172	0.0279	0.0783
176	0.0274	0.0769
179	0.0268	0.0755
183	0.0264	0.0741
186	0.0259	0.0727
190	0.0254	0.0713
194	0.0249	0.07
198	0.0244	0.0687
202	0.024	0.0674
206	0.0235	0.0661
210	0.0231	0.0648
215	0.0226	0.0635
219	0.0222	0.0623
224	0.0217	0.0611
229	0.0213	0.0598
233	0.0209	0.0587
238	0.0205	0.0575
243	0.0201	0.0563
249	0.0197	0.0552
254	0.0193	0.0541
259	0.0189	0.053
265	0.0185	0.0519
270	0.0181	0.0509
276	0.0178	0.0498
282	0.0174	0.0488
288	0.017	0.0478
295	0.0167	0.0468
301	0.0163	0.0458
308	0.016	0.0449
315	0.0157	0.0439
322	0.0153	0.043
329	0.015	0.0421
336	0.0147	0.0412
343	0.0144	0.0403
351	0.0141	0.0395
359	0.0138	0.0386
367	0.0135	0.0378
375	0.0132	0.0371
375	0.0132	0.037
384	0.0129	0.0362
392	0.0126	0.0354
401	0.0124	0.0346
410	0.0121	0.0339
419	0.0119	0.0332
429	0.0116	0.0325
438	0.0114	0.0318
447	0.0111	0.0311
457	0.0109	0.0305
466	0.0107	0.0299
476	0.0105	0.0293
485	0.0103	0.0288
494	0.0101	0.0283
502	0.00994	0.0278
511	0.00978	0.0273
520	0.00962	0.0269
528	0.00947	0.0265
536	0.00933	0.0261
545	0.00919	0.0257
553	0.00906	0.0253
561	0.00893	0.025
569	0.00881	0.0246
577	0.00869	0.0243
585	0.00857	0.0239
593	0.00846	0.0236
601	0.00835	0.0233
609	0.00824	0.023
617	0.00814	0.0227
625	0.00804	0.0224
633	0.00794	0.0222
641	0.00784	0.0219
649	0.00775	0.0216
656	0.00766	0.0214
664	0.00758	0.0211
671	0.00749	0.0209
679	0.00741	0.0207
686	0.00734	0.0205
693	0.00726	0.0203
701	0.00719	0.0201
708	0.00712	0.0199
715	0.00705	0.0197
722	0.00699	0.0195
728	0.00692	0.0193
735	0.00686	0.0191
742	0.0068	0.0189
749	0.00674	0.0188
756	0.00668	0.0186
762	0.00662	0.0185
769	0.00657	0.0183
775	0.00651	0.0181
782	0.00646	0.018
788	0.00641	0.0179
795	0.00636	0.0177
801	0.00631	0.0176
807	0.00626	0.0174
813	0.00622	0.0173
819	0.00617	0.0172
826	0.00613	0.0171
832	0.00608	0.0169
838	0.00604	0.0168
844	0.006	0.0167
850	0.00595	0.0166
856	0.00591	0.0165
862	0.00587	0.0164
868	0.00583	0.0162
874	0.00579	0.0161
881	0.00575	0.016
887	0.00571	0.0159
893	0.00568	0.0158
899	0.00564	0.0157
905	0.0056	0.0156
911	0.00557	0.0155
917	0.00553	0.0154
923	0.00549	0.0153
929	0.00546	0.0152
935	0.00543	0.0151
941	0.00539	0.015
947	0.00536	0.0149
952	0.00533	0.0148
958	0.0053	0.0147
964	0.00527	0.0146
970	0.00523	0.0146
976	0.0052	0.0145
982	0.00517	0.0144
988	0.00514	0.0143
993	0.00512	0.0142
999	0.00509	0.0141
1000	0.00506	0.0141
1010	0.00503	0.014
1020	0.005	0.0139
1020	0.00498	0.0138
1030	0.00495	0.0138
1030	0.00493	0.0137
1040	0.0049	0.0136
1040	0.00488	0.0136
1050	0.00485	0.0135
1050	0.00483	0.0134
1060	0.0048	0.0133
1070	0.00478	0.0133
1070	0.00476	0.0132
1080	0.00473	0.0131
1080	0.00471	0.0131
1090	0.00469	0.013
1090	0.00467	0.013
1100	0.00465	0.0129
1100	0.00462	0.0128
1110	0.0046	0.0128
1110	0.00458	0.0127
1120	0.00456	0.0127
1120	0.00454	0.0126
1130	0.00452	0.0126
1130	0.00451	0.0125
1140	0.00449	0.0125
1140	0.00447	0.0124
1150	0.00445	0.0124
1150	0.00443	0.0123
1160	0.00442	0.0123
1160	0.0044	0.0122
1170	0.00438	0.0122
1170	0.00437	0.0121
1170	0.00435	0.0121
1180	0.00434	0.012
1180	0.00432	0.012
1190	0.00431	0.0119
1190	0.00429	0.0119
1200	0.00428	0.0119
1200	0.00426	0.0118
1200	0.00425	0.0118
1210	0.00424	0.0117
1210	0.00422	0.0117
1220	0.00421	0.0117
1220	0.0042	0.0116
1220	0.00418	0.0116
1230	0.00417	0.0116
1230	0.00416	0.0115
1230	0.00415	0.0115
1240	0.00414	0.0115
1240	0.00413	0.0114
1250	0.00412	0.0114
1250	0.00411	0.0114
1250	0.0041	0.0113
1260	0.00409	0.0113
1260	0.00408	0.0113
1260	0.00407	0.0113
1270	0.00406	0.0112
1270	0.00405	0.0112
1270	0.00404	0.0112
1270	0.00403	0.0112
1280	0.00402	0.0111
1280	0.00401	0.0111
1280	0.004	0.0111
1290	0.004	0.0111
1290	0.00399	0.011
1290	0.00398	0.011
1300	0.00397	0.011
1300	0.00396	0.011
1300	0.00396	0.0109
1300	0.00395	0.0109
1310	0.00394	0.0109
1310	0.00394	0.0109
1310	0.00393	0.0109
1310	0.00392	0.0108
1320	0.00392	0.0108
1320	0.00391	0.0108
1320	0.0039	0.0108
1320	0.0039	0.0108
1330	0.00389	0.0108
1330	0.00389	0.0107
1330	0.00388	0.0107
1330	0.00387	0.0107
1330	0.00387	0.0107
1340	0.00386	0.0107
1340	0.00386	0.0107
1340	0.00385	0.0106
1340	0.00385	0.0106
1340	0.00384	0.0106
1350	0.00384	0.0106
1350	0.00383	0.0106
1350	0.00383	0.0106
1350	0.00382	0.0105
1350	0.00382	0.0105
1360	0.00381	0.0105
1360	0.00381	0.0105
1360	0.00381	0.0105
1360	0.0038	0.0105
1360	0.0038	0.0105
1370	0.00379	0.0105
1370	0.00379	0.0104
1370	0.00379	0.0104
1370	0.00378	0.0104
1370	0.00378	0.0104
1370	0.00377	0.0104
1380	0.00377	0.0104
1380	0.00377	0.0104
1380	0.00376	0.0104
1380	0.00376	0.0104
1380	0.00376	0.0103
1380	0.00375	0.0103
1390	0.00375	0.0103
1390	0.00375	0.0103
1390	0.00374	0.0103
1390	0.00374	0.0103
1390	0.00374	0.0103
1390	0.00373	0.0103
1390	0.00373	0.0103
1400	0.00373	0.0103
1400	0.00373	0.0102
1400	0.00372	0.0102
1400	0.00372	0.0102
1400	0.00372	0.0102
1400	0.00372	0.0102
1400	0.00371	0.0102
1410	0.00371	0.0102
1410	0.00371	0.0102
1410	0.0037	0.0102
1410	0.0037	0.0102
1410	0.0037	0.0102
1410	0.0037	0.0102
1410	0.00369	0.0101
1410	0.00369	0.0101
1420	0.00369	0.0101
1420	0.00369	0.0101
1420	0.00369	0.0101
1420	0.00368	0.0101
1420	0.00368	0.0101
1420	0.00368	0.0101
1420	0.00368	0.0101
1430	0.00367	0.0101
1430	0.00367	0.0101
1430	0.00367	0.0101
1430	0.00367	0.0101
1430	0.00366	0.01
1430	0.00366	0.01
1430	0.00366	0.01
1430	0.00366	0.01
1440	0.00365	0.01
1440	0.00365	0.01
1440	0.00365	0.01
1440	0.00365	0.00999
1440	0.00365	0.00998
1440	0.00364	0.00998
1440	0.00364	0.00997
1440	0.00364	0.00996
1450	0.00364	0.00996
1450	0.00364	0.00995
1450	0.00363	0.00994
1450	0.00363	0.00993
1450	0.00363	0.00993
1450	0.00363	0.00992
1450	0.00362	0.00991
1450	0.00362	0.0099
1450	0.00362	0.0099
1460	0.00362	0.00989
1460	0.00362	0.00988
1460	0.00361	0.00988
1460	0.00361	0.00987
1460	0.00361	0.00986
1460	0.00361	0.00985
1460	0.00361	0.00985
1460	0.0036	0.00984
1470	0.0036	0.00983
1470	0.0036	0.00982
1470	0.0036	0.00982
1470	0.0036	0.00981
1470	0.00359	0.0098
1470	0.00359	0.0098
1470	0.00359	0.00979
1470	0.00359	0.00978
1480	0.00358	0.00977
1480	0.00358	0.00977
1480	0.00358	0.00976
1480	0.00358	0.00975
1480	0.00358	0.00974
1480	0.00357	0.00974
1480	0.00357	0.00973
1480	0.00357	0.00972
1490	0.00357	0.00971
1490	0.00356	0.0097
1490	0.00356	0.0097
1490	0.00356	0.00969
1490	0.00356	0.00968
1490	0.00356	0.00967
1490	0.00355	0.00967
1490	0.00355	0.00966
1500	0.00355	0.00965
1500	0.00355	0.00964
1500	0.00354	0.00963
1500	0.00354	0.00963
1500	0.00354	0.00962
1500	0.00354	0.00961
1500	0.00353	0.0096
1500	0.00353	0.0096
1510	0.00353	0.00959
1510	0.00353	0.00958
1510	0.00353	0.00957
1510	0.00352	0.00956
1510	0.00352	0.00955
1510	0.00352	0.00955
1510	0.00352	0.00954
1510	0.00351	0.00953
1520	0.00351	0.00952
1520	0.00351	0.00951
1520	0.00351	0.0095
1520	0.0035	0.0095
1520	0.0035	0.00949
1520	0.0035	0.00948
1520	0.0035	0.00947
1520	0.00349	0.00946
1520	0.00349	0.00945
1530	0.00349	0.00944
1530	0.00349	0.00943
1530	0.00348	0.00943
1530	0.00348	0.00942
1530	0.00348	0.00941
1530	0.00348	0.0094
1530	0.00347	0.00939
1530	0.00347	0.00938
1530	0.00347	0.00937
1540	0.00346	0.00936
1540	0.00346	0.00935
1540	0.00346	0.00934
1540	0.00346	0.00933
1540	0.00345	0.00932
1540	0.00345	0.00931
1540	0.00345	0.0093
1540	0.00344	0.00929
1540	0.00344	0.00928
1540	0.00344	0.00927
1540	0.00343	0.00926
1550	0.00343	0.00924
1550	0.00342	0.00923
1550	0.00342	0.00922
1550	0.00342	0.00921
1550	0.00341	0.00919
1550	0.00341	0.00918
1550	0.0034	0.00917
1550	0.0034	0.00915
1550	0.00339	0.00914
1550	0.00339	0.00912
1550	0.00338	0.0091
1550	0.00338	0.00909
1550	0.00337	0.00907
1550	0.00337	0.00905
1550	0.00336	0.00904
1550	0.00336	0.00903
1550	0.00335	0.00901
1550	0.00334	0.00899
1550	0.00335	0.00899
1550	0.00334	0.00897
1550	0.00333	0.00895
1550	0.00333	0.00893

