  MASS EXCEEDED    97.021487638460954        25.338881334857220        70.664921196828047        0.0000000000000000        107.14206616245626     
  MASS EXCEEDED    86.703005291276170        84.582534729561303        4050.7941015837264        0.0000000000000000        111.31139047236132     
  MAXIMUM ITER EXCEEDED    78.677363987187221        78.516089713886558        4639.6730148165998        0.0000000000000000     
  MASS EXCEEDED    67.590995703684726        67.070269599795694        2875.8319048577587        0.0000000000000000        106.26293249762681     
  MASS EXCEEDED    97.069709307364775        18.007824861982993        50.378780338739517        0.0000000000000000        100.39885680089715     
  MASS EXCEEDED    90.413059625201612        23.565178042018918        47.424313874734203        0.0000000000000000        100.88253373392153     
  MASS EXCEEDED    93.369366333197505        26.063881769053438        49.003892759363559        0.0000000000000000        105.38387781976806     
  MASS EXCEEDED    98.322592049928772        29.200298573218760        22.081674767440649        0.0000000000000000        112.70842460841760     
  MASS EXCEEDED    94.623612561716584        20.091802470341918        23.423942797761779        0.0000000000000000        101.24313655134885     
  MASS EXCEEDED    97.534875435736708        23.365907102247412        18.019536425231976        0.0000000000000000        106.63562445326956     
  MASS EXCEEDED    89.768438746294592        26.634993538321829        23.349016381714314        0.0000000000000000        104.05580996114705     
  MASS EXCEEDED    90.026673172168969        23.845803339229469        61.636475731309865        0.0000000000000000        100.79988503549650     
  MASS EXCEEDED    98.802607438395015        24.715186656178769        53.983451237056158        0.0000000000000000        107.95581475063551     
  MASS EXCEEDED    98.266695328212734        27.673125440256339        51.951795848795832        0.0000000000000000        110.39462714379626     
  MASS EXCEEDED    94.794700311936765        23.997216766337456        16.820210237643803        0.0000000000000000        105.34775598437243     
  MASS EXCEEDED    94.787417148211858        19.584479467097488        50.608470372783650        0.0000000000000000        100.24452613375776     
  MASS EXCEEDED    99.378508581376195        32.944183022180333        55.856173978181410        0.0000000000000000        116.07383484686689     
  MASS EXCEEDED    99.614076519307531        27.067252015494919        35.235334949332966        0.0000000000000000        111.14078523426646     
  MASS EXCEEDED    88.491482393267844        24.022998843271854        16.551988416357315        0.0000000000000000        100.79675085671454     
  MASS EXCEEDED    97.363901896920908        24.316373144599549        37.809326415368695        0.0000000000000000        106.81925782468321     
  MASS EXCEEDED    96.566991310590254        24.120463883469338        36.156688834309087        0.0000000000000000        106.12158102089984     
  MASS EXCEEDED    95.728592608241200        91.579427092892075        16.477979870609175        0.0000000000000000        165.44590087346529     
  MASS EXCEEDED    97.205460019578709        18.567580825969973        100.21571056334707        0.0000000000000000        100.75473471798817     
  MASS EXCEEDED    99.505729587404332        26.996152871552262        29.420235118905218        0.0000000000000000        111.16156673917233     
  MASS EXCEEDED    78.406435045839331        78.036547885776969        2853.2960046632616        0.0000000000000000        120.61013338441521     
  MASS EXCEEDED    87.920395264345643        29.258384505837782        42.451803437964728        0.0000000000000000        104.61763164484472     
  MASS EXCEEDED    85.733380878138334        27.626857317830854        43.217315355060265        0.0000000000000000        101.39999180137428     
  MASS EXCEEDED    97.271493598161129        17.089315553537226        17.225753574581432        0.0000000000000000        100.40622084132617     
  MASS EXCEEDED    96.925736624287666        23.877350498378011        29.221250263930006        0.0000000000000000        106.32982014847039     
  MASS EXCEEDED    94.004631751710733        20.728249694319420        24.891977062650501        0.0000000000000000        101.33973362007782     
  MASS EXCEEDED    90.584318466911839        25.702618995941563        35.455907441564442        0.0000000000000000        103.27752786794866     
  MASS EXCEEDED    58.050747092588175        57.966356856926502        281.90063906466332        0.0000000000000000        104.45733697499507     
  MASS EXCEEDED    89.226695329564038        89.151750174419419        49.044940044507641        0.0000000000000000        153.01959596243751     
  MASS EXCEEDED    99.470778033601832        19.074549677736112        20.826370024323349        0.0000000000000000        103.83520755622139     
  MASS EXCEEDED    99.797792626038458        20.351443102898905        22.323329689494031        0.0000000000000000        105.25472923284435     
  MASS EXCEEDED    99.789700216003695        23.015704192706888        19.513005315230355        0.0000000000000000        107.94397803070665     
  MASS EXCEEDED    62.262248666959053        58.768014281712432        8.3341550494367649        0.0000000000000000        113.43827847920200     
  MASS EXCEEDED    93.022605454644420        30.181733169148160        55.262528971070630        0.0000000000000000        108.94060661653320     
  MASS EXCEEDED    74.893237693478724        74.473547025900103        2507.1957774714765        0.0000000000000000        117.98086597140544     
  MASS EXCEEDED    75.859600498638400        75.754408217157575        337.44477039948225        0.0000000000000000        131.09249598452521     
  MASS EXCEEDED    80.314264132885612        77.466905914880812        3107.0176473681076        0.0000000000000000        105.10356550232325     
  MASS EXCEEDED    98.554643283049757        22.274429409134662        67.926297802973465        0.0000000000000000        105.35745559711359     
  MASS EXCEEDED    99.405576055602992        30.128177860607241        94.384052309077745        0.0000000000000000        113.13773175602689     
  MASS EXCEEDED    97.921157796770657        23.487790198990727        104.82487874329804        0.0000000000000000        105.80798480075285     
  MASS EXCEEDED    90.288612450991621        28.398589718374762        16.529246950435880        0.0000000000000000        106.39613844066128     
  MASS EXCEEDED    99.263895535876344        23.243563803032707        38.916171364000242        0.0000000000000000        107.14857730010830     
  MASS EXCEEDED    96.837968970494870        21.717740015635272        72.195430707305377        0.0000000000000000        103.55393579548523     
  MASS EXCEEDED    95.957007900035777        23.317991302697017        60.609704571085544        0.0000000000000000        104.48165504425995     
  MASS EXCEEDED    96.895356474655671        21.623775496311374        60.853881948426363        0.0000000000000000        103.57756364494379     
  MASS EXCEEDED    98.544077061773237        17.017017726329581        51.034070048078540        0.0000000000000000        100.50388780252803     
  MAXIMUM ITER EXCEEDED    91.704223374394260        88.807292923888056        4430.0318830253073        0.0000000000000000     
  MAXIMUM ITER EXCEEDED    88.697736233375267        86.601864238656759        4285.7553773378777        0.0000000000000000     
  MASS EXCEEDED    87.917888432639458        82.958495828187779        3186.0356087048876        0.0000000000000000        100.16869652574621     
  MASS EXCEEDED    92.065869299719452        21.364316734345220        33.928963889450692        0.0000000000000000        100.24146389196207     
  MASS EXCEEDED    93.796931195516478        22.701557467203781        27.588265234121806        0.0000000000000000        102.98311769790116     
  MASS EXCEEDED    93.011500314104140        22.719982747930349        27.684094257369164        0.0000000000000000        102.42966070247992     
  MASS EXCEEDED    96.387003496238336        22.459760472177717        33.077560238064258        0.0000000000000000        104.46074875154760     
  MASS EXCEEDED    89.599262551412238        23.599329208698911        51.114608233915320        0.0000000000000000        100.35363446275399     
  MASS EXCEEDED    97.084877818758997        20.693331257256116        48.164282542980551        0.0000000000000000        102.96087133817247     
  MAXIMUM ITER EXCEEDED    64.629575408871830        63.037317880057351        2671.8980207670861        0.0000000000000000     
  MASS EXCEEDED    93.891269938820457        28.396312392702697        24.108296034149451        0.0000000000000000        108.67225694528911     
  MASS EXCEEDED    91.350777638710355        21.869194477112721        36.854562346912061        0.0000000000000000        100.16597760671620     
  MASS EXCEEDED    89.742444788929021        23.140817790864052        18.015061288638027        0.0000000000000000        100.80392955382131     
  MASS EXCEEDED    96.189160678969301        28.463773838059740        100.22042898379445        0.0000000000000000        109.25756852679743     
  MASS EXCEEDED    86.240584506641952        26.994482107387253        19.981375732883350        0.0000000000000000        101.83193110202131     
  MASS EXCEEDED    95.525309313887888        24.436359799325963        59.685671605279552        0.0000000000000000        105.26638999214411     
  MASS EXCEEDED    96.487487944533214        19.705934174863092        115.97633042196293        0.0000000000000000        101.23208202806784     
  MASS EXCEEDED    99.697737017232029        30.676801856744628        39.962759800226600        0.0000000000000000        114.50137367435849     
  MASS EXCEEDED    95.782247530215912        18.888333933960059        52.209336333957111        0.0000000000000000        100.29333753660217     
  MAXIMUM ITER EXCEEDED    82.310950184064922        78.034524721016297        4163.6269049626726        0.0000000000000000     
  MAXIMUM ITER EXCEEDED    31.787622844494376        10.376594771548609        66.274814795386277        0.0000000000000000     
  MASS EXCEEDED    94.976946072353826        27.302236404867877        19.362696068766557        0.0000000000000000        108.53632533821091     
  MASS EXCEEDED    91.506500635813140        27.574993310080405        30.961466399435395        0.0000000000000000        105.87611973094018     
