19.6	0.295	0.544
19.7	0.293	0.542
19.8	0.292	0.541
19.9	0.291	0.539
20	0.29	0.537
20.2	0.288	0.536
20.3	0.287	0.534
20.4	0.286	0.532
20.6	0.284	0.53
20.7	0.283	0.528
20.8	0.281	0.526
21	0.28	0.524
21.2	0.278	0.522
21.3	0.277	0.52
21.5	0.275	0.518
21.6	0.273	0.515
21.8	0.272	0.513
22	0.27	0.511
22.2	0.268	0.508
22.4	0.266	0.506
22.5	0.264	0.503
22.7	0.262	0.5
22.9	0.26	0.498
23.1	0.259	0.495
23.2	0.257	0.493
23.3	0.255	0.49
23.3	0.253	0.488
23.3	0.251	0.486
23.2	0.25	0.485
22.9	0.249	0.484
22.5	0.249	0.484
22.1	0.249	0.485
21.7	0.248	0.485
21.3	0.248	0.485
21	0.247	0.484
20.9	0.247	0.484
20.5	0.245	0.482
20.2	0.243	0.481
19.9	0.241	0.478
19.7	0.239	0.476
19.5	0.236	0.474
19.3	0.235	0.472
19.3	0.234	0.471
19.1	0.233	0.471
19	0.231	0.474
19.3	0.234	0.464
19.7	0.217	0.472
20.2	0.214	0.474
20.6	0.212	0.476
21.2	0.208	0.476
21.6	0.205	0.478
22.1	0.202	0.479
22.6	0.2	0.48
23.2	0.197	0.479
23.9	0.193	0.473
24.7	0.188	0.466
25.5	0.184	0.458
26.2	0.18	0.452
27	0.177	0.447
27.7	0.173	0.441
28.5	0.17	0.435
29.3	0.167	0.429
30.2	0.163	0.423
31.1	0.16	0.416
32.1	0.157	0.41
33.1	0.153	0.403
34.2	0.15	0.396
35.3	0.147	0.389
36.5	0.143	0.382
37.7	0.14	0.375
38.9	0.137	0.368
40.3	0.134	0.362
41.4	0.132	0.357
43	0.128	0.348
44.9	0.123	0.336
46.8	0.119	0.325
48.8	0.115	0.315
50.6	0.111	0.307
52.4	0.109	0.301
54.1	0.106	0.295
55.9	0.104	0.289
57.8	0.101	0.284
59.7	0.0988	0.278
61.7	0.0964	0.272
63.8	0.0941	0.267
66	0.0918	0.261
68.3	0.0896	0.256
70.7	0.0874	0.25
73.4	0.0851	0.245
76.3	0.0827	0.238
79.5	0.0802	0.232
82.9	0.0776	0.225
86.6	0.075	0.218
90.5	0.0723	0.21
94.8	0.0695	0.203
99.4	0.0668	0.195
104	0.0641	0.188
109	0.0614	0.18
115	0.0588	0.173
121	0.0563	0.165
127	0.0538	0.158
133	0.0514	0.151
140	0.0491	0.145
147	0.0469	0.138
155	0.0448	0.132
162	0.0428	0.127
170	0.041	0.121
178	0.0393	0.116
186	0.0377	0.112
194	0.0365	0.108
202	0.0352	0.104
210	0.034	0.101
218	0.033	0.0984
221	0.0326	0.0973
226	0.032	0.0957
234	0.0312	0.0933
242	0.0303	0.091
251	0.0296	0.0889
260	0.0288	0.0867
269	0.028	0.0844
280	0.0271	0.082
291	0.0262	0.0794
303	0.0253	0.0767
316	0.0244	0.074
329	0.0235	0.0713
342	0.0227	0.0688
353	0.0221	0.0668
365	0.0213	0.0644
379	0.0204	0.0618
393	0.0197	0.0595
406	0.019	0.0575
418	0.0184	0.0557
429	0.018	0.0544
431	0.018	0.0544
435	0.018	0.0545
445	0.0176	0.0534
451	0.0174	0.0529
456	0.0172	0.0523
467	0.0169	0.0512
477	0.0165	0.0501
488	0.0162	0.0491
498	0.0159	0.0482
508	0.0156	0.0472
517	0.0153	0.0464
527	0.015	0.0456
536	0.0148	0.0449
545	0.0146	0.0441
553	0.0143	0.0435
562	0.0141	0.0428
570	0.0139	0.0422
578	0.0137	0.0416
586	0.0136	0.0411
593	0.0134	0.0406
600	0.0132	0.0401
607	0.0131	0.0397
614	0.0129	0.0392
621	0.0128	0.0388
628	0.0127	0.0384
634	0.0125	0.038
641	0.0124	0.0376
647	0.0123	0.0372
654	0.0122	0.0368
660	0.012	0.0365
667	0.0119	0.0361
673	0.0118	0.0358
680	0.0117	0.0354
686	0.0116	0.0351
693	0.0115	0.0347
699	0.0114	0.0344
706	0.0113	0.0341
712	0.0112	0.0338
719	0.0111	0.0335
725	0.011	0.0332
732	0.0109	0.0328
738	0.0108	0.0326
745	0.0107	0.0323
751	0.0106	0.032
758	0.0105	0.0317
765	0.0104	0.0314
771	0.0103	0.0311
778	0.0102	0.0309
784	0.0101	0.0306
791	0.01	0.0304
797	0.00996	0.0301
804	0.00988	0.0298
810	0.00979	0.0296
817	0.00972	0.0294
823	0.00965	0.0291
830	0.00957	0.0289
836	0.00949	0.0287
843	0.00942	0.0284
849	0.00935	0.0282
856	0.00928	0.028
862	0.00921	0.0278
868	0.00915	0.0276
875	0.00908	0.0274
881	0.00901	0.0272
887	0.00895	0.027
893	0.00889	0.0268
899	0.00883	0.0266
905	0.00877	0.0265
911	0.00871	0.0263
917	0.00866	0.0261
923	0.00861	0.0259
929	0.00855	0.0258
935	0.0085	0.0256
941	0.00844	0.0254
947	0.00839	0.0253
952	0.00835	0.0251
958	0.0083	0.025
964	0.00826	0.0249
969	0.00822	0.0247
975	0.00817	0.0246
980	0.00813	0.0245
985	0.00809	0.0243
990	0.00804	0.0242
995	0.00801	0.0241
1000	0.00796	0.024
1010	0.00793	0.0238
1010	0.00789	0.0237
1020	0.00785	0.0236
1020	0.00782	0.0235
1030	0.00778	0.0234
1030	0.00775	0.0233
1030	0.00771	0.0232
1040	0.00768	0.0231
1040	0.00765	0.023
1050	0.00762	0.0229
1050	0.00759	0.0228
1060	0.00756	0.0227
1060	0.00753	0.0226
1070	0.0075	0.0225
1070	0.00748	0.0224
1070	0.00746	0.0224
1080	0.00743	0.0223
1080	0.00741	0.0222
1090	0.00738	0.0221
1090	0.00736	0.0221
1090	0.00734	0.022
1100	0.00732	0.0219
1100	0.0073	0.0219
1100	0.00728	0.0218
1110	0.00726	0.0217
1110	0.00724	0.0217
1110	0.00723	0.0216
1120	0.00721	0.0216
1120	0.00719	0.0215
1120	0.00717	0.0215
1120	0.00716	0.0214
1130	0.00715	0.0214
1130	0.00714	0.0213
1130	0.00712	0.0213
1130	0.00711	0.0212
1140	0.0071	0.0212
1140	0.00708	0.0212
1140	0.00707	0.0211
1140	0.00706	0.0211
1140	0.00705	0.021
1140	0.00703	0.021
1140	0.00703	0.021
1150	0.00702	0.0209
1150	0.00701	0.0209
1150	0.007	0.0209
1150	0.00699	0.0208
1150	0.00697	0.0208
1150	0.00696	0.0207
1150	0.00695	0.0207
1150	0.00694	0.0207
1150	0.00693	0.0206
1150	0.00692	0.0206
1160	0.00692	0.0206
1160	0.00691	0.0206
1160	0.00689	0.0205
1160	0.00688	0.0205
1160	0.00687	0.0204
1160	0.00686	0.0204
1160	0.00684	0.0204
1160	0.00683	0.0203
1160	0.00683	0.0203
1160	0.00683	0.0203
1160	0.00681	0.0202
1160	0.0068	0.0202
1170	0.00679	0.0202
1170	0.00678	0.0201
1170	0.00677	0.0201
1170	0.00675	0.02
1170	0.00674	0.02
1170	0.00674	0.02
1170	0.00672	0.0199
1170	0.00672	0.0199
1170	0.00671	0.0199
1170	0.0067	0.0199
1170	0.00669	0.0198
1170	0.00667	0.0198
1170	0.00666	0.0197
1170	0.00665	0.0197
1170	0.00664	0.0197
1170	0.00663	0.0196
1170	0.00662	0.0196
1170	0.00661	0.0196
1180	0.0066	0.0195
1180	0.00659	0.0195
1180	0.00658	0.0195
1180	0.00658	0.0194
1180	0.00657	0.0194
1180	0.00655	0.0194
1180	0.00654	0.0193
1180	0.00653	0.0193
1180	0.00651	0.0192
1180	0.00651	0.0192
1180	0.0065	0.0192
1180	0.00648	0.0191
1180	0.00647	0.0191
1180	0.00642	0.0189
1180	0.00642	0.0189
1180	0.00645	0.019
1180	0.00645	0.019
1180	0.00644	0.019
1180	0.00643	0.019
1180	0.00642	0.0189
1180	0.00641	0.0189
1180	0.0064	0.0189
1180	0.00639	0.0188
1180	0.00638	0.0188
1180	0.00637	0.0188
1180	0.00636	0.0187
1180	0.00635	0.0187
1180	0.00634	0.0186
1180	0.00633	0.0186
1180	0.00632	0.0186
1180	0.00631	0.0186
1180	0.0063	0.0185
1180	0.00629	0.0185
1180	0.00628	0.0185
1180	0.00627	0.0184
1180	0.00627	0.0184
1180	0.00626	0.0184
1180	0.00625	0.0183
1180	0.00623	0.0183
1180	0.00623	0.0183
1180	0.00621	0.0182
1180	0.00621	0.0182
1180	0.0062	0.0182
1180	0.00619	0.0181
1180	0.00618	0.0181
1180	0.00617	0.0181
1180	0.00616	0.0181
1180	0.00615	0.018
1180	0.00615	0.018
1180	0.00614	0.018
1180	0.00613	0.0179
1180	0.00612	0.0179
1180	0.00612	0.0179
1180	0.00611	0.0179
1180	0.0061	0.0179
1180	0.00609	0.0178
1180	0.00609	0.0178
1180	0.00608	0.0178
1180	0.00607	0.0178
1180	0.00606	0.0177
1180	0.00605	0.0177
1180	0.00605	0.0177
1180	0.00604	0.0177
1180	0.00604	0.0176
1180	0.00603	0.0176
1180	0.00603	0.0176
1170	0.00602	0.0176
1170	0.006	0.0175
1170	0.006	0.0175
1170	0.00599	0.0175
1170	0.00598	0.0175
1170	0.00597	0.0174
1170	0.00596	0.0174
1170	0.00596	0.0174
1170	0.00596	0.0174
1170	0.00595	0.0173
1170	0.00594	0.0173
1170	0.00593	0.0173
1170	0.00592	0.0173
1170	0.00591	0.0172
1170	0.00591	0.0172
1170	0.0059	0.0172
1160	0.0059	0.0172
1160	0.00589	0.0172
1160	0.00588	0.0171
1160	0.00588	0.0171
1160	0.00588	0.0171
1160	0.00587	0.0171
1160	0.00587	0.0171
1160	0.00586	0.017
1160	0.00585	0.017
1160	0.00584	0.017
1160	0.00584	0.017
1160	0.00583	0.0169
1160	0.00583	0.0169
1160	0.00582	0.0169
1160	0.00581	0.0169
1160	0.00581	0.0169
1160	0.00581	0.0169
1160	0.0058	0.0168
1160	0.0058	0.0168
1160	0.00579	0.0168
1150	0.00578	0.0168
1150	0.00578	0.0168
1150	0.00577	0.0167
1150	0.00576	0.0167
1150	0.00576	0.0167
1150	0.00575	0.0167
1150	0.00575	0.0167
1150	0.00576	0.0167
1150	0.00575	0.0167
1150	0.00574	0.0166
1150	0.00572	0.0166
1150	0.00571	0.0165
1140	0.00572	0.0166
1140	0.00572	0.0166
1140	0.00572	0.0166
1140	0.00572	0.0166
1140	0.00571	0.0165
1140	0.00571	0.0165
1140	0.00571	0.0165
1140	0.00572	0.0165
1140	0.00571	0.0165
1140	0.00571	0.0165
1140	0.0057	0.0165
1140	0.00569	0.0165
1140	0.00569	0.0164
1140	0.00569	0.0164
1140	0.00568	0.0164
1140	0.00568	0.0164
1130	0.00567	0.0164
1130	0.00567	0.0164
1130	0.00566	0.0164
1130	0.00566	0.0163
1130	0.00566	0.0163
1130	0.00566	0.0163
1130	0.00566	0.0163
1130	0.00565	0.0163
1130	0.00565	0.0163
1130	0.00564	0.0163
1130	0.00564	0.0163
1130	0.00563	0.0162
1130	0.00563	0.0162
1130	0.00562	0.0162
1130	0.00562	0.0162
1130	0.00562	0.0162
1130	0.00561	0.0162
1130	0.00562	0.0162
1130	0.00561	0.0162
1120	0.00561	0.0162
1120	0.00561	0.0161
1120	0.00561	0.0161
1120	0.0056	0.0161
1120	0.00559	0.0161
1120	0.00559	0.0161
1120	0.00559	0.0161
1120	0.00558	0.0161
1120	0.00558	0.0161
1110	0.00558	0.0161
1110	0.00558	0.016
1110	0.00558	0.0161
1110	0.00558	0.016
1110	0.00558	0.016
1110	0.00558	0.016
1110	0.00558	0.016
1110	0.00558	0.016
1110	0.00558	0.016
1110	0.00557	0.016
1100	0.00557	0.016
1100	0.00557	0.016
1100	0.00556	0.016
1100	0.00556	0.016
1100	0.00556	0.016
1100	0.00555	0.0159
1100	0.00554	0.0159
1100	0.00555	0.0159
1100	0.00555	0.0159
1100	0.00554	0.0159
1100	0.00555	0.0159
1100	0.00555	0.0159
1100	0.00554	0.0159
1100	0.00554	0.0159
1100	0.00553	0.0158
1100	0.00553	0.0158
1090	0.00554	0.0159
1090	0.00553	0.0158
1090	0.00553	0.0158
1090	0.00553	0.0158
1090	0.00553	0.0158
1090	0.00553	0.0158
1090	0.00552	0.0158
1090	0.00552	0.0158
1090	0.00552	0.0158
1090	0.00551	0.0158
1090	0.00551	0.0158
1090	0.00551	0.0158
1090	0.00551	0.0158
1090	0.00551	0.0158
1090	0.00551	0.0158
1090	0.00551	0.0157
1090	0.00551	0.0157
1090	0.00551	0.0157
1090	0.00551	0.0157
1090	0.0055	0.0157
1080	0.0055	0.0157
1080	0.00549	0.0157
1080	0.00549	0.0157
1080	0.00549	0.0157
1080	0.00548	0.0157
1080	0.00548	0.0156
1080	0.00548	0.0156
1080	0.00548	0.0156
1080	0.00548	0.0156
1080	0.00548	0.0156
1080	0.00548	0.0156
1080	0.00547	0.0156
1080	0.00547	0.0156
1080	0.00547	0.0156
1080	0.00547	0.0156
1080	0.00547	0.0156
1080	0.00546	0.0156
1080	0.00546	0.0156
1070	0.00546	0.0156
1070	0.00546	0.0155
1070	0.00545	0.0155
1070	0.00545	0.0155
1070	0.00545	0.0155
1070	0.00544	0.0155
1070	0.00544	0.0155
1070	0.00544	0.0155
1070	0.00543	0.0155
1070	0.00543	0.0155
1070	0.00542	0.0155
1070	0.00542	0.0154
1070	0.00545	0.0155
1070	0.00544	0.0155
1070	0.00544	0.0155
1070	0.00544	0.0154
1070	0.00543	0.0154
1070	0.00543	0.0154
1070	0.00543	0.0154
1060	0.00543	0.0154
1060	0.00542	0.0154
1060	0.00543	0.0154
1060	0.00542	0.0154
1060	0.00542	0.0154
1060	0.00542	0.0154
1060	0.00542	0.0154
1060	0.00541	0.0154
1060	0.00542	0.0154
1060	0.00542	0.0154
1060	0.00541	0.0154
1050	0.00542	0.0154
1050	0.00542	0.0154
1050	0.00542	0.0154
1050	0.00542	0.0154
1050	0.00542	0.0154
1040	0.00542	0.0154
1040	0.00542	0.0154
1040	0.00541	0.0154
1040	0.00542	0.0154
1040	0.00544	0.0154
1030	0.00545	0.0154
1030	0.00545	0.0154
1030	0.00545	0.0154
1030	0.00545	0.0154
1030	0.00545	0.0154
1030	0.00545	0.0154
1020	0.00545	0.0154
1020	0.00546	0.0154
1020	0.00546	0.0154
1020	0.00545	0.0154
1020	0.00546	0.0155
1010	0.00546	0.0154
1010	0.00547	0.0155
1010	0.00548	0.0155
1010	0.00548	0.0155
1010	0.00549	0.0155
1010	0.00549	0.0155
1000	0.00549	0.0155
1000	0.0055	0.0155
1000	0.0055	0.0155
1000	0.00549	0.0155
1000	0.00549	0.0155
1000	0.00549	0.0155
999	0.00549	0.0155
999	0.00549	0.0155
998	0.00549	0.0155
998	0.00549	0.0155
996	0.00549	0.0155
995	0.00549	0.0155
994	0.00549	0.0155
994	0.00549	0.0155
993	0.0055	0.0155
992	0.0055	0.0155
991	0.0055	0.0155
990	0.0055	0.0155
989	0.00549	0.0155
988	0.00549	0.0155
987	0.00549	0.0155
986	0.00549	0.0155
985	0.00549	0.0155
983	0.00551	0.0155
981	0.00551	0.0155
980	0.00552	0.0155
978	0.00552	0.0155
976	0.00552	0.0156
974	0.00553	0.0156
972	0.00554	0.0156
970	0.00554	0.0156
968	0.00554	0.0156
966	0.00554	0.0156
964	0.00555	0.0156
962	0.00555	0.0156
960	0.00556	0.0157
958	0.00556	0.0157
956	0.00557	0.0157
954	0.00558	0.0157
952	0.00559	0.0157
950	0.0056	0.0158
947	0.00561	0.0158
945	0.00562	0.0158
943	0.00562	0.0158
941	0.00563	0.0158
939	0.00563	0.0158
936	0.00564	0.0159
934	0.00564	0.0159
932	0.00566	0.0159
930	0.00566	0.0159
928	0.00567	0.0159
925	0.00567	0.0159
923	0.00568	0.016
921	0.00569	0.016
918	0.00569	0.016
916	0.0057	0.016
914	0.00573	0.0161
913	0.00573	0.0161
911	0.00574	0.0161
909	0.00574	0.0161
908	0.00574	0.0161
907	0.00575	0.0161
905	0.00575	0.0161
904	0.00575	0.0161
903	0.00575	0.0161
902	0.00576	0.0162
900	0.00576	0.0162
899	0.00576	0.0162
898	0.00576	0.0162
897	0.00577	0.0162
896	0.00577	0.0162
895	0.00577	0.0162
894	0.00578	0.0162
893	0.00578	0.0162
891	0.00578	0.0162
890	0.00579	0.0162
889	0.0058	0.0162
887	0.0058	0.0163
884	0.00581	0.0163
881	0.00582	0.0163
879	0.00583	0.0164
877	0.00586	0.0164
875	0.00586	0.0164
874	0.00587	0.0164
872	0.00587	0.0164
871	0.00587	0.0164
870	0.00587	0.0164
869	0.00588	0.0165
868	0.00588	0.0165
868	0.00588	0.0165
867	0.00588	0.0165
866	0.00588	0.0165
865	0.00588	0.0165
865	0.00587	0.0164
864	0.00587	0.0164
864	0.00587	0.0164
864	0.00587	0.0164
863	0.00587	0.0164
863	0.00586	0.0164
863	0.00586	0.0164
863	0.00586	0.0164
863	0.00585	0.0164
863	0.00585	0.0164
863	0.00585	0.0164
863	0.00588	0.0164
863	0.00587	0.0164
863	0.00587	0.0164
863	0.00586	0.0164
863	0.00586	0.0164
863	0.00585	0.0163
864	0.00585	0.0163
864	0.00584	0.0163
864	0.00584	0.0163
864	0.00583	0.0163
864	0.00583	0.0163
865	0.00582	0.0162
865	0.00581	0.0162
865	0.00581	0.0162
864	0.00581	0.0162
862	0.00581	0.0162
861	0.00582	0.0162
859	0.00582	0.0163
858	0.00583	0.0163
857	0.00583	0.0163
857	0.00583	0.0163
857	0.00583	0.0163
857	0.00582	0.0163
856	0.00582	0.0163
857	0.00582	0.0163
857	0.00581	0.0162
857	0.00581	0.0162
857	0.00581	0.0162
857	0.00584	0.0163
856	0.00584	0.0163
855	0.00585	0.0163
854	0.00585	0.0163
851	0.00586	0.0163
845	0.00589	0.0164
840	0.00592	0.0165
836	0.00594	0.0166
834	0.00595	0.0166
832	0.00596	0.0166
830	0.00597	0.0166
828	0.00597	0.0167
825	0.00599	0.0167
823	0.006	0.0167
821	0.00601	0.0168
819	0.00602	0.0168
817	0.00603	0.0168
815	0.00603	0.0168
814	0.00604	0.0168
812	0.00605	0.0169
810	0.00606	0.0169
808	0.00609	0.0169
807	0.00609	0.017
806	0.0061	0.017
804	0.0061	0.017
803	0.00611	0.017
801	0.00612	0.017
799	0.00613	0.0171
797	0.00614	0.0171
795	0.00615	0.0171
791	0.00617	0.0172
787	0.00619	0.0172
784	0.00625	0.0174
782	0.00626	0.0174
779	0.00627	0.0174
777	0.00628	0.0175
775	0.00629	0.0175
774	0.0063	0.0175
773	0.0063	0.0175
772	0.00631	0.0175
771	0.00631	0.0175
771	0.00631	0.0175
770	0.00631	0.0175
770	0.00631	0.0175
770	0.00631	0.0175
770	0.0063	0.0175
770	0.0063	0.0175
771	0.00629	0.0175
772	0.00628	0.0175
772	0.00627	0.0174
773	0.00626	0.0174
774	0.00625	0.0174
775	0.00625	0.0173
776	0.00623	0.0173
778	0.00622	0.0173
779	0.00621	0.0172
780	0.00619	0.0172
782	0.00619	0.0172
784	0.00617	0.0171
785	0.00616	0.0171
787	0.00614	0.0171
789	0.00613	0.017
790	0.00612	0.017
792	0.0061	0.0169
794	0.00609	0.0169
796	0.00607	0.0168
798	0.00605	0.0168
800	0.00604	0.0168
802	0.00602	0.0167
804	0.00601	0.0167
806	0.00601	0.0166
808	0.00599	0.0166
810	0.00598	0.0165
812	0.00596	0.0165
814	0.00595	0.0165
816	0.00593	0.0164
817	0.00592	0.0164
819	0.0059	0.0164
821	0.00589	0.0163
823	0.00587	0.0163
825	0.00586	0.0162
827	0.00584	0.0162
829	0.00583	0.0161
831	0.00582	0.0161
833	0.0058	0.0161
835	0.00579	0.016
836	0.00578	0.016
838	0.00576	0.016
839	0.00575	0.0159
840	0.00575	0.0159
840	0.00574	0.0159
840	0.00574	0.0159
839	0.00574	0.0159
839	0.00573	0.0159
840	0.00573	0.0159
840	0.00572	0.0158
841	0.00572	0.0158
842	0.00571	0.0158
843	0.0057	0.0158
844	0.00569	0.0157
845	0.00568	0.0157
846	0.00567	0.0157
847	0.00567	0.0157
848	0.00569	0.0157
849	0.00568	0.0157
851	0.00567	0.0157
852	0.00566	0.0156
854	0.00565	0.0156
855	0.00564	0.0156
858	0.00562	0.0155
860	0.00561	0.0155
862	0.0056	0.0154
863	0.00558	0.0154
865	0.00557	0.0154
867	0.00556	0.0153
869	0.00555	0.0153
871	0.00554	0.0153
873	0.00553	0.0152
875	0.00551	0.0152
877	0.0055	0.0152
879	0.00548	0.0151
882	0.00547	0.0151
884	0.00546	0.0151
886	0.00545	0.015
889	0.00543	0.015
891	0.00542	0.0149
893	0.00541	0.0149
896	0.00539	0.0149
898	0.00538	0.0148
900	0.00537	0.0148
903	0.00537	0.0148
905	0.00535	0.0147
908	0.00534	0.0147
910	0.00533	0.0146
913	0.00531	0.0146
915	0.0053	0.0146
917	0.00529	0.0145
919	0.00528	0.0145
922	0.00527	0.0145
924	0.00526	0.0144
926	0.00525	0.0144
928	0.00523	0.0144
930	0.00523	0.0144
933	0.00521	0.0143
935	0.0052	0.0143
937	0.00519	0.0143
939	0.00518	0.0142
941	0.00517	0.0142
944	0.00516	0.0142
946	0.00515	0.0141
948	0.00514	0.0141
950	0.00513	0.0141
952	0.00512	0.014
954	0.00511	0.014
956	0.0051	0.014
958	0.00509	0.014
960	0.00509	0.0139
962	0.00508	0.0139
964	0.00507	0.0139
966	0.00506	0.0139
967	0.00505	0.0139
969	0.00505	0.0138
971	0.00504	0.0138
972	0.00504	0.0138
974	0.00504	0.0138
975	0.00503	0.0138
976	0.00503	0.0137
977	0.00502	0.0137
978	0.00502	0.0137
979	0.00502	0.0137
980	0.00502	0.0137
980	0.00502	0.0137
981	0.00501	0.0137
982	0.00501	0.0137
983	0.00501	0.0137
984	0.005	0.0137
985	0.005	0.0137
987	0.005	0.0136
988	0.00499	0.0136
989	0.00499	0.0136
991	0.00499	0.0136
992	0.00498	0.0136
993	0.00498	0.0136
992	0.00499	0.0136
995	0.00498	0.0136
996	0.00497	0.0136
998	0.00497	0.0135
1000	0.00496	0.0135
1000	0.00496	0.0135
1000	0.00497	0.0135
1000	0.00496	0.0135
1010	0.00496	0.0135
1010	0.00496	0.0135
1010	0.00495	0.0135
1010	0.00495	0.0135
1010	0.00495	0.0134
1010	0.00495	0.0134
1020	0.00494	0.0134
1020	0.00494	0.0134
1020	0.00494	0.0134
1020	0.00493	0.0134
1020	0.00493	0.0134
1020	0.00493	0.0134
1020	0.00493	0.0134
1030	0.00492	0.0134
1030	0.00493	0.0133
1030	0.00492	0.0133
1030	0.00492	0.0133
1030	0.00492	0.0133
1030	0.00491	0.0133
1030	0.00491	0.0133
1040	0.00491	0.0133
1040	0.00491	0.0133
1040	0.00491	0.0133
1040	0.00491	0.0133
1040	0.0049	0.0132
1040	0.0049	0.0132
1050	0.00491	0.0132
1050	0.00491	0.0132
1050	0.00491	0.0132
1050	0.00491	0.0132
1050	0.00491	0.0132
1050	0.00491	0.0132
1050	0.00491	0.0132
1060	0.00491	0.0132
1060	0.00491	0.0132
1060	0.00491	0.0132
1060	0.00491	0.0132
1060	0.00491	0.0132
1060	0.00491	0.0132
1060	0.00491	0.0132
1070	0.00491	0.0132
1070	0.00492	0.0132
1070	0.00492	0.0132
1070	0.00492	0.0132
1070	0.00492	0.0132
1070	0.00492	0.0132
1070	0.00492	0.0132
1080	0.00492	0.0132
1080	0.00492	0.0132
1080	0.00492	0.0132
1080	0.00493	0.0132
1080	0.00494	0.0132
1080	0.00494	0.0132
1080	0.00495	0.0132
1080	0.00495	0.0132
1090	0.00495	0.0132
1090	0.00495	0.0132
1090	0.00495	0.0132
1090	0.00496	0.0132
1090	0.00496	0.0132
1090	0.00496	0.0132
1090	0.00497	0.0132
1090	0.00497	0.0132
1100	0.00497	0.0132
1100	0.00498	0.0132
1100	0.00498	0.0132
1100	0.00499	0.0132
1100	0.00499	0.0132
1100	0.005	0.0132
1100	0.005	0.0132
1100	0.00501	0.0132
1110	0.00501	0.0132
1110	0.00502	0.0132
1110	0.00502	0.0132
1110	0.00503	0.0132
1110	0.00503	0.0132
1110	0.00504	0.0133
1110	0.00504	0.0133
1110	0.00505	0.0133
1120	0.00505	0.0133
1120	0.00506	0.0133
1120	0.00507	0.0133
1120	0.00507	0.0133
1120	0.00508	0.0133
1120	0.00509	0.0133
1120	0.00509	0.0133
1120	0.0051	0.0133
1120	0.0051	0.0133
1130	0.00511	0.0133
1130	0.00512	0.0134
1130	0.00513	0.0134
1130	0.00513	0.0134
1130	0.00514	0.0134
1130	0.00515	0.0134
1130	0.00516	0.0134
1130	0.00517	0.0134
1130	0.00518	0.0134
1140	0.00518	0.0134
1140	0.0052	0.0135
1140	0.00521	0.0135
1140	0.00522	0.0135
1140	0.00523	0.0135
1140	0.00524	0.0135
1140	0.00525	0.0135
1140	0.00526	0.0135
1140	0.00527	0.0136
1140	0.00528	0.0136
1150	0.00528	0.0136
1150	0.00529	0.0136
1150	0.0053	0.0136
1150	0.00531	0.0136
1150	0.00533	0.0136
1150	0.00534	0.0136
1150	0.00535	0.0137
1150	0.00536	0.0137
1150	0.00537	0.0137
1150	0.00538	0.0137
1160	0.00539	0.0137
1160	0.00541	0.0137
1160	0.00542	0.0138
1160	0.00543	0.0138
1160	0.00544	0.0138
1160	0.00546	0.0138
1160	0.00547	0.0138
1160	0.00548	0.0138
1160	0.0055	0.0139
1160	0.00553	0.0139
1170	0.00554	0.0139
1170	0.00556	0.014
1170	0.00557	0.014
1170	0.00558	0.014
1170	0.0056	0.014
1170	0.00561	0.014
1170	0.00562	0.014
1170	0.00564	0.0141
1170	0.00566	0.0141
1170	0.00567	0.0141
1170	0.00569	0.0141
1180	0.0057	0.0141
1180	0.00571	0.0142
1180	0.00572	0.0142
1180	0.00574	0.0142
1180	0.00575	0.0142
1180	0.00576	0.0142
1180	0.00577	0.0142
1180	0.00579	0.0143
1180	0.00581	0.0143
1180	0.00582	0.0143
1180	0.00583	0.0143
1180	0.00586	0.0143
1190	0.00587	0.0143
1190	0.00588	0.0143
1190	0.00589	0.0144
1190	0.0059	0.0144
1190	0.00592	0.0144
1190	0.00593	0.0144
1190	0.00594	0.0144
1190	0.00595	0.0144
1190	0.00596	0.0144
1190	0.00596	0.0144
1190	0.00597	0.0144
1190	0.00599	0.0144
1190	0.006	0.0144
1190	0.006	0.0144
1200	0.006	0.0144
1200	0.00601	0.0144
1200	0.00602	0.0144
1200	0.00602	0.0144
1200	0.00602	0.0144
1200	0.00602	0.0144
1200	0.00602	0.0144
1200	0.00602	0.0143
1200	0.00602	0.0143
1200	0.00602	0.0143
1200	0.00604	0.0143
1200	0.00606	0.0144
1200	0.00606	0.0144
1200	0.00606	0.0143
1200	0.00606	0.0143
1200	0.00605	0.0143
1200	0.00605	0.0143
1200	0.00605	0.0143
1200	0.00605	0.0142
1200	0.00604	0.0142
1210	0.00604	0.0142
1210	0.00603	0.0142
1210	0.00603	0.0141
1210	0.00603	0.0141
1210	0.00602	0.0141
1210	0.00603	0.0141
1210	0.00602	0.0141
1210	0.00602	0.014
1210	0.00601	0.014
1210	0.00601	0.014
1210	0.00601	0.014
1210	0.006	0.0139
1210	0.00599	0.0139
1210	0.00598	0.0139
1210	0.00599	0.0139
1210	0.00598	0.0138
1210	0.00597	0.0138
1210	0.00601	0.0139
1210	0.00601	0.0139
1210	0.006	0.0138
1210	0.00599	0.0138
1210	0.00598	0.0138
1210	0.00597	0.0137
1220	0.00596	0.0137
1220	0.00595	0.0137
1220	0.00595	0.0136
1220	0.00594	0.0136
1220	0.00593	0.0136
1220	0.00593	0.0136
1220	0.00592	0.0135
1220	0.00593	0.0135
1220	0.00592	0.0135
1220	0.00591	0.0135
1220	0.0059	0.0134
1220	0.00589	0.0134
1220	0.00589	0.0134
1220	0.00588	0.0134
1220	0.00587	0.0133
1220	0.00586	0.0133
1220	0.00585	0.0133
1220	0.00586	0.0133
1220	0.00585	0.0132
1220	0.00584	0.0132
1220	0.00584	0.0132
1220	0.00583	0.0132
1230	0.00584	0.0132
1230	0.00583	0.0132
1230	0.00584	0.0132
1230	0.00584	0.0132
1230	0.00583	0.0131
1230	0.00582	0.0131
1230	0.00581	0.0131
1230	0.0058	0.013
1230	0.0058	0.013
1230	0.00579	0.013
1230	0.00579	0.013
1230	0.00578	0.0129
1230	0.00577	0.0129
1230	0.00576	0.0129
1230	0.00577	0.0129
1230	0.00576	0.0129
1230	0.00575	0.0128
1230	0.00574	0.0128
1230	0.00575	0.0128
1230	0.00574	0.0128
1230	0.00573	0.0128
1240	0.00572	0.0127
1240	0.00572	0.0127
1240	0.00573	0.0127
1240	0.00573	0.0127
1240	0.00572	0.0127
1240	0.00572	0.0127
1240	0.00571	0.0127
1240	0.0057	0.0126
1240	0.0057	0.0126
1240	0.00571	0.0126
1240	0.00571	0.0126
1240	0.0057	0.0126
1240	0.0057	0.0126
1240	0.0057	0.0126
1240	0.00569	0.0126
1240	0.00569	0.0126
1240	0.00569	0.0125
1240	0.0057	0.0126
1240	0.0057	0.0126
1250	0.0057	0.0125
1250	0.0057	0.0125
1250	0.0057	0.0125
1250	0.00569	0.0125
1250	0.00571	0.0126
1250	0.00571	0.0125
1250	0.00571	0.0125
1250	0.00571	0.0125
1250	0.00571	0.0125
1250	0.00571	0.0125
1250	0.00571	0.0125
1250	0.00572	0.0125
1250	0.00574	0.0126
1250	0.00574	0.0126
1250	0.00574	0.0126
1250	0.00575	0.0126
1250	0.00575	0.0126
1260	0.00575	0.0126
1260	0.00576	0.0126
1260	0.00576	0.0126
1260	0.00577	0.0126
1260	0.00577	0.0126
1260	0.00578	0.0126
1260	0.00579	0.0126
1260	0.00579	0.0126
1260	0.0058	0.0126
1260	0.00581	0.0126
1260	0.00582	0.0126
1260	0.00582	0.0127
1260	0.00583	0.0127
1260	0.00584	0.0127
1270	0.00586	0.0127
1270	0.00587	0.0127
1270	0.00589	0.0128
1270	0.0059	0.0128
1270	0.0059	0.0128
1270	0.00592	0.0128
1270	0.00594	0.0129
1270	0.00594	0.0129
1270	0.00595	0.0129
1270	0.00598	0.013
1270	0.00598	0.013
1270	0.006	0.013
1270	0.00602	0.013
1270	0.00604	0.0131
1280	0.00606	0.0131
1280	0.00607	0.0131
1280	0.00609	0.0132
1280	0.00612	0.0132
1280	0.00614	0.0133
1280	0.00616	0.0133
1280	0.00618	0.0134
1280	0.00621	0.0134
1280	0.00623	0.0135
1280	0.00626	0.0135
1280	0.00628	0.0136
1280	0.00631	0.0137
1290	0.00634	0.0137
1290	0.00637	0.0138
1290	0.0064	0.0138
1290	0.00639	0.0138
1290	0.00642	0.0139
1290	0.00645	0.014
1290	0.0065	0.0141
1290	0.00654	0.0142
1290	0.00657	0.0142
1290	0.00661	0.0143
1290	0.00662	0.0143
1290	0.00666	0.0144
1300	0.0067	0.0145
1300	0.00674	0.0146
1300	0.00674	0.0146
1300	0.00678	0.0147
1300	0.00682	0.0148
1300	0.00686	0.0149
1300	0.00688	0.0149
1300	0.00693	0.015
1300	0.00697	0.0152
1300	0.00702	0.0153
1300	0.00707	0.0154
1300	0.00712	0.0155
1300	0.00716	0.0156
1310	0.00719	0.0157
1310	0.00724	0.0158
1310	0.00729	0.0159
1310	0.0073	0.0159
1310	0.00735	0.0161
1310	0.0074	0.0162
1310	0.00746	0.0164
1310	0.00749	0.0164
1310	0.00755	0.0166
1310	0.00761	0.0167
1310	0.00768	0.0169
1310	0.00773	0.017
1310	0.0078	0.0172
1310	0.00785	0.0173
1310	0.00792	0.0175
1310	0.00799	0.0177
1320	0.008	0.0177
1320	0.00807	0.0179
1320	0.00814	0.018
1320	0.00821	0.0182
1320	0.00828	0.0183
1320	0.00832	0.0184
1320	0.0084	0.0186
1320	0.00843	0.0187
1320	0.00851	0.0188
1320	0.00858	0.019
1320	0.00865	0.0191
1330	0.00873	0.0193
1330	0.00876	0.0194
1330	0.00883	0.0195
1330	0.00891	0.0197
1330	0.00898	0.0198
1330	0.00905	0.02
1330	0.00908	0.02
1340	0.00915	0.0201
1340	0.00922	0.0203
1340	0.00925	0.0203
1340	0.00931	0.0204
1340	0.00938	0.0205
1340	0.00945	0.0207
1350	0.00946	0.0207
1350	0.00953	0.0208
1350	0.00959	0.0209
1350	0.00966	0.021
1350	0.00972	0.0212
1360	0.00974	0.0211
1360	0.0098	0.0213
1360	0.00986	0.0214
1360	0.00992	0.0215
1360	0.00996	0.0215
1370	0.01	0.0216
1370	0.0101	0.0217
1370	0.0101	0.0219
1370	0.0102	0.022
1370	0.0103	0.0221
1380	0.0103	0.0221
1380	0.0104	0.0222
1380	0.0104	0.0224
1380	0.0105	0.0225
1380	0.0105	0.0225
1380	0.0106	0.0226
1390	0.0106	0.0226
1390	0.0107	0.0227
1390	0.0107	0.0228
1390	0.0108	0.023
1390	0.0109	0.0231
1390	0.0109	0.0232
1400	0.011	0.0234
1400	0.0111	0.0235
1400	0.0112	0.0237
1400	0.0112	0.0238
1400	0.0113	0.024
1400	0.0113	0.024
1400	0.0114	0.0241
1410	0.0115	0.0243
1410	0.0115	0.0243
1410	0.0116	0.0245
1410	0.0117	0.0247
1410	0.0118	0.0249
1410	0.0118	0.025
1410	0.0119	0.0252
1410	0.012	0.0254
1420	0.0121	0.0255
1420	0.0122	0.0256
1420	0.0123	0.0258
1420	0.0123	0.0258
1420	0.0124	0.026
1420	0.0125	0.0262
1420	0.0126	0.0263
1430	0.0127	0.0264
1430	0.0128	0.0266
1430	0.0129	0.0269
1430	0.0132	0.0274
1430	0.0134	0.0277
1430	0.0135	0.0279
1430	0.0133	0.0273
1430	0.0132	0.0271
1430	0.0132	0.0271
1430	0.0131	0.0271
1430	0.0132	0.0273
1420	0.0133	0.0278
1410	0.0136	0.0286
1410	0.0139	0.0293
1410	0.0141	0.0298
1410	0.0143	0.0304
1410	0.0144	0.0306
1410	0.0146	0.0311
1410	0.0148	0.0316
1410	0.0149	0.0317
1410	0.0151	0.0322
1410	0.0153	0.0326
1420	0.0155	0.0329
1420	0.0157	0.0334
1420	0.0159	0.0338
1420	0.0161	0.0343
1420	0.0161	0.0342
1420	0.0162	0.0343
1420	0.0164	0.0348
1420	0.0167	0.0352
1420	0.0168	0.0355
1430	0.017	0.0359
1430	0.0171	0.0361
1430	0.0173	0.0365
1430	0.0174	0.0365

