4.64	0.366	0.626
4.67	0.359	0.618
5.39	0.317	0.56
6.9	0.287	0.551
8.32	0.269	0.523
9.13	0.261	0.51
9.54	0.258	0.505
9.91	0.255	0.501
10.3	0.253	0.497
10.7	0.251	0.493
11.1	0.249	0.49
11.5	0.248	0.488
11.9	0.246	0.485
12.2	0.245	0.483
12.6	0.244	0.481
13	0.243	0.479
13.4	0.242	0.478
13.8	0.241	0.477
14.2	0.237	0.468
14.6	0.237	0.467
15	0.236	0.466
15.4	0.236	0.466
15.8	0.236	0.466
16.1	0.237	0.467
16.3	0.238	0.471
16.5	0.242	0.477
16.6	0.246	0.487
16.6	0.253	0.5
16.6	0.262	0.518
16.5	0.272	0.537
16.4	0.283	0.559
16.3	0.296	0.584
16.2	0.31	0.612
16.1	0.325	0.642
16	0.342	0.674
16	0.36	0.709
16	0.378	0.745
16.1	0.397	0.782
16.3	0.415	0.817
16.6	0.431	0.848
16.9	0.445	0.875
17.3	0.457	0.897
17.8	0.467	0.916
18.4	0.474	0.93
18.9	0.48	0.941
19.6	0.484	0.949
20.2	0.487	0.955
20.9	0.49	0.959
21.7	0.492	0.963
22.4	0.493	0.966
23.2	0.494	0.967
23.9	0.496	0.971
24.7	0.496	0.973
25.5	0.497	0.975
26.3	0.499	0.98
27.1	0.5	0.985
28	0.501	0.987
28.9	0.501	0.99
29.8	0.502	0.993
30.8	0.502	0.995
31.8	0.502	0.996
32.8	0.502	0.998
33.9	0.502	1
34.9	0.502	1
36	0.503	1.01
37.1	0.504	1.01
38.3	0.505	1.01
39.4	0.506	1.02
40.6	0.507	1.03
41.8	0.509	1.03
43	0.512	1.04
44	0.512	1.05
44.1	0.512	1.04
44	0.511	1.04
43.6	0.513	1.05
43.3	0.512	1.04
42.9	0.515	1.05
42.5	0.512	1.04
42.1	0.512	1.04
41.7	0.512	1.04
41.4	0.513	1.04
41	0.513	1.04
40.7	0.512	1.04
40.4	0.512	1.04
40	0.518	1.05
39.7	0.514	1.04
39.4	0.513	1.04
39.2	0.513	1.04
38.9	0.514	1.04
38.6	0.513	1.04
38.3	0.514	1.04
38.1	0.513	1.04
37.8	0.513	1.03
37.5	0.514	1.03
37.2	0.514	1.03
36.9	0.514	1.03
36.6	0.515	1.03
36.2	0.515	1.03
35.9	0.516	1.04
35.5	0.523	1.05
35.2	0.518	1.04
34.8	0.519	1.04
34.4	0.52	1.04
34.1	0.521	1.04
33.6	0.522	1.04
33.2	0.523	1.04
32.8	0.525	1.05
32.3	0.526	1.05
31.9	0.527	1.05
31.4	0.529	1.05
30.9	0.53	1.05
30.4	0.531	1.06
29.9	0.532	1.06
29.4	0.533	1.06
28.9	0.533	1.06
28.3	0.533	1.06
27.8	0.533	1.06
27.3	0.533	1.06
26.8	0.531	1.05
26.4	0.53	1.05
25.9	0.527	1.05
25.4	0.525	1.04
25	0.522	1.03
24.6	0.518	1.03
24.1	0.514	1.02
23.8	0.508	1.01
23.4	0.502	0.997
23	0.495	0.982
22.7	0.488	0.968
22.4	0.479	0.951
22.1	0.51	1.05
21.8	0.493	1.01
21.6	0.475	0.967
21.4	0.456	0.925
21.2	0.436	0.882
21.2	0.432	0.873
21.1	0.415	0.837
21	0.394	0.792
21	0.372	0.746
21	0.349	0.699
21.1	0.327	0.654
21.2	0.309	0.617
21.3	0.293	0.586
21.3	0.284	0.569
21.4	0.288	0.575
21.5	0.291	0.581
21.6	0.288	0.575
21.7	0.283	0.566
21.7	0.282	0.564
21.8	0.279	0.557
21.9	0.275	0.55
22.1	0.272	0.542
22.2	0.269	0.537
22.3	0.267	0.533
22.4	0.266	0.529
22.5	0.265	0.529
22.6	0.266	0.53
22.7	0.268	0.533
22.7	0.272	0.542
22.8	0.279	0.554
22.9	0.289	0.573
23	0.302	0.599
23.1	0.318	0.632
23.3	0.336	0.667
23.6	0.354	0.702
23.9	0.371	0.737
24.4	0.387	0.77
24.9	0.402	0.801
25.4	0.416	0.832
26	0.429	0.859
26.7	0.441	0.885
27.3	0.447	0.899
27.1	0.431	0.862
26.5	0.421	0.841
25.9	0.412	0.822
25.4	0.405	0.806
25	0.397	0.79
24.8	0.393	0.782
24.9	0.399	0.796
25.4	0.411	0.822
25.8	0.422	0.846
26.3	0.436	0.876
26.9	0.45	0.908
27.5	0.464	0.94
28.1	0.477	0.97
28.8	0.488	0.997
29.5	0.499	1.03
30.3	0.51	1.05
31.1	0.52	1.08
31.9	0.529	1.1
32.8	0.537	1.13
33.6	0.545	1.15
34.6	0.553	1.17
35.6	0.56	1.19
36.6	0.567	1.21
37.6	0.573	1.24
38.7	0.579	1.26
39.8	0.585	1.28
40.9	0.59	1.29
42.1	0.594	1.31
43.4	0.598	1.33
44.6	0.603	1.35
46	0.607	1.36
47.4	0.611	1.38
48.8	0.616	1.4
50.3	0.62	1.42
51.8	0.623	1.44
53.4	0.626	1.46
55.1	0.628	1.47
56.8	0.63	1.49
58.6	0.633	1.51
60.4	0.636	1.53
62.3	0.638	1.54
64.3	0.64	1.56
66.4	0.641	1.58
68.5	0.644	1.6
70.7	0.645	1.62
73	0.647	1.64
75.3	0.647	1.65
77.7	0.648	1.67
80.2	0.649	1.69
82.8	0.65	1.71
83.6	0.65	1.72
85.5	0.65	1.72
88.2	0.65	1.74
91	0.65	1.76
93.8	0.65	1.78
96.8	0.65	1.8
99.9	0.65	1.82
103	0.649	1.84
106	0.649	1.86
110	0.649	1.89
113	0.646	1.9
116	0.646	1.92
120	0.64	1.92
123	0.633	1.9
127	0.633	1.92
131	0.633	1.95
134	0.632	1.98
138	0.631	2
142	0.63	2.03
146	0.629	2.06
149	0.628	2.08
153	0.627	2.11
157	0.625	2.13
161	0.624	2.16
164	0.622	2.18
168	0.62	2.2
171	0.618	2.21
174	0.615	2.22
178	0.612	2.23
181	0.609	2.23
183	0.606	2.24
186	0.602	2.23
188	0.598	2.21
190	0.593	2.19
192	0.588	2.17
194	0.583	2.14
195	0.578	2.1
196	0.572	2.06
197	0.566	2.02
198	0.559	1.97
198	0.553	1.93
199	0.546	1.88
200	0.539	1.83
201	0.533	1.79
202	0.525	1.74
204	0.518	1.7
205	0.513	1.68
207	0.509	1.66
208	0.506	1.65
210	0.509	1.69
211	0.514	1.73
213	0.516	1.77
214	0.52	1.81
215	0.522	1.83
216	0.523	1.86
217	0.526	1.89
219	0.528	1.92
220	0.53	1.95
221	0.531	1.97
222	0.533	2
223	0.534	2.02
224	0.536	2.04
224	0.538	2.07
225	0.539	2.09
226	0.539	2.11
227	0.541	2.13
228	0.543	2.16
228	0.544	2.18
229	0.545	2.2
230	0.546	2.22
230	0.547	2.24
231	0.549	2.26
232	0.549	2.27
232	0.551	2.3
233	0.552	2.31
233	0.553	2.33
234	0.554	2.35
234	0.555	2.36
235	0.556	2.39
235	0.557	2.4
236	0.558	2.42
236	0.559	2.44
237	0.56	2.45
237	0.561	2.47
237	0.562	2.49
238	0.563	2.5
238	0.563	2.52
238	0.564	2.53
239	0.565	2.55
239	0.566	2.56
239	0.567	2.57
239	0.568	2.59
240	0.569	2.61
240	0.569	2.62
240	0.57	2.63
240	0.571	2.64
240	0.572	2.66
241	0.572	2.66
241	0.573	2.68
241	0.574	2.69
241	0.575	2.7
241	0.575	2.71
241	0.576	2.72
241	0.577	2.74
241	0.577	2.74
241	0.578	2.75
241	0.579	2.76
241	0.579	2.77
241	0.58	2.77
241	0.58	2.78
240	0.581	2.79
240	0.581	2.79
240	0.582	2.8
240	0.582	2.8
240	0.583	2.81
239	0.583	2.81
239	0.584	2.81
239	0.584	2.81
238	0.585	2.82
238	0.585	2.81
238	0.585	2.81
237	0.585	2.81
237	0.585	2.81
236	0.586	2.81
236	0.586	2.81
236	0.586	2.81
235	0.586	2.81
235	0.586	2.8
234	0.586	2.8
234	0.597	2.96
234	0.594	2.91
233	0.59	2.85
233	0.586	2.8
232	0.584	2.77
232	0.585	2.77
232	0.585	2.77
233	0.585	2.79
234	0.586	2.82
235	0.587	2.84
236	0.587	2.86
237	0.587	2.88
238	0.587	2.89
238	0.588	2.91
239	0.588	2.93
240	0.588	2.94
240	0.589	2.95
241	0.589	2.96
241	0.589	2.98
242	0.589	2.99
242	0.589	3
243	0.589	3.01
243	0.589	3.02
244	0.589	3.02
244	0.59	3.03
244	0.59	3.04
244	0.59	3.05
245	0.59	3.05
245	0.59	3.06
245	0.59	3.07
246	0.59	3.07
246	0.59	3.08
246	0.591	3.09
247	0.59	3.09
247	0.591	3.1
247	0.591	3.11
247	0.591	3.12
248	0.591	3.12
248	0.591	3.13
248	0.591	3.14
249	0.591	3.15
249	0.591	3.16
250	0.592	3.17
250	0.592	3.18
250	0.592	3.18
251	0.592	3.19
251	0.592	3.2
251	0.592	3.21
251	0.592	3.22
252	0.592	3.23
252	0.593	3.24
252	0.593	3.24
253	0.593	3.25
253	0.593	3.26
253	0.593	3.26
253	0.593	3.27
254	0.593	3.28
254	0.593	3.28
254	0.593	3.29
254	0.593	3.3
255	0.593	3.3
255	0.593	3.3
255	0.594	3.31
255	0.594	3.32
255	0.594	3.32
255	0.594	3.32
256	0.594	3.33
256	0.594	3.33
256	0.594	3.34
256	0.594	3.35
256	0.594	3.35
257	0.594	3.35
257	0.594	3.36
257	0.594	3.37
257	0.594	3.37
257	0.594	3.38
258	0.594	3.38
258	0.594	3.39
258	0.595	3.4
258	0.595	3.41
259	0.595	3.41
259	0.595	3.42
259	0.595	3.43
259	0.595	3.44
260	0.595	3.45
260	0.595	3.45
260	0.595	3.46
260	0.595	3.47
261	0.596	3.48
261	0.596	3.48
261	0.596	3.49
261	0.596	3.49
262	0.596	3.5
262	0.596	3.51
262	0.596	3.51
262	0.596	3.52
262	0.596	3.52
262	0.596	3.53
263	0.596	3.53
263	0.596	3.53
263	0.596	3.54
263	0.596	3.54
263	0.596	3.54
263	0.596	3.54
263	0.596	3.54
263	0.596	3.55
263	0.596	3.55
263	0.596	3.55
263	0.596	3.55
263	0.596	3.55
263	0.596	3.55
264	0.596	3.56
264	0.596	3.56
264	0.596	3.56
264	0.597	3.57
264	0.597	3.57
264	0.597	3.58
264	0.597	3.58
265	0.597	3.59
265	0.597	3.6
265	0.597	3.61
265	0.597	3.62
266	0.597	3.63
266	0.597	3.64
266	0.597	3.65
267	0.598	3.67
267	0.598	3.67
268	0.598	3.69
268	0.598	3.7
268	0.598	3.71
269	0.598	3.73
269	0.598	3.74
269	0.598	3.75
270	0.599	3.77
270	0.599	3.78
270	0.599	3.79
271	0.599	3.8
271	0.599	3.81
271	0.599	3.82
272	0.599	3.82
272	0.599	3.83
272	0.599	3.84
272	0.599	3.84
272	0.599	3.84
272	0.599	3.84
272	0.599	3.84
272	0.599	3.84
272	0.599	3.84
272	0.599	3.83
272	0.599	3.82
271	0.599	3.8
271	0.598	3.78
270	0.598	3.76
269	0.598	3.73
268	0.597	3.7
267	0.597	3.66
266	0.596	3.61
265	0.596	3.57
263	0.595	3.54
262	0.595	3.51
262	0.595	3.49
262	0.595	3.5
262	0.595	3.51
263	0.596	3.54
264	0.596	3.57
265	0.597	3.61
267	0.597	3.66
268	0.598	3.7
269	0.598	3.75
271	0.599	3.8
272	0.599	3.84
273	0.6	3.89
274	0.601	3.93
275	0.601	3.98
277	0.601	4.02
278	0.602	4.07
279	0.602	4.11
280	0.603	4.15
281	0.603	4.2
282	0.604	4.24
283	0.604	4.28
284	0.604	4.32
284	0.605	4.36
285	0.605	4.41
286	0.605	4.44
287	0.606	4.48
288	0.606	4.52
288	0.606	4.56
289	0.606	4.58
290	0.607	4.61
290	0.607	4.66
291	0.607	4.69
291	0.608	4.71
292	0.608	4.75
293	0.608	4.78
293	0.608	4.8
294	0.608	4.83
294	0.609	4.86
295	0.609	4.89
295	0.609	4.91
295	0.609	4.94
296	0.61	4.96
296	0.61	4.99
297	0.61	5.01
297	0.61	5.02
297	0.61	5.05
298	0.61	5.07
298	0.61	5.09
298	0.611	5.11
299	0.61	5.12
299	0.611	5.15
299	0.611	5.16
299	0.611	5.18
300	0.611	5.2
300	0.611	5.21
300	0.611	5.22
300	0.611	5.24
301	0.611	5.25
301	0.611	5.25
301	0.611	5.27
301	0.612	5.29
301	0.612	5.29
301	0.612	5.3
301	0.612	5.3
302	0.612	5.32
302	0.612	5.31
302	0.612	5.32
302	0.612	5.32
302	0.612	5.32
