1.12	0.439	0.792
1.16	0.422	0.758
1.2	0.403	0.717
1.24	0.388	0.69
1.29	0.373	0.66
1.33	0.36	0.638
1.35	0.356	0.631
1.36	0.353	0.627
1.37	0.35	0.622
1.38	0.345	0.612
1.4	0.343	0.608
1.41	0.34	0.604
1.42	0.337	0.6
1.43	0.335	0.596
1.45	0.332	0.593
1.46	0.329	0.588
1.5	0.325	0.579
1.55	0.316	0.565
1.61	0.308	0.551
1.66	0.3	0.539
1.71	0.293	0.529
1.77	0.287	0.52
1.82	0.281	0.511
1.87	0.276	0.503
1.92	0.271	0.496
1.97	0.267	0.49
2.02	0.264	0.485
2.07	0.261	0.48
2.12	0.258	0.475
2.15	0.256	0.474
2.16	0.255	0.472
2.21	0.254	0.471
2.26	0.252	0.468
2.3	0.251	0.466
2.35	0.25	0.465
2.39	0.249	0.464
2.44	0.249	0.465
2.48	0.249	0.465
2.52	0.249	0.467
2.56	0.25	0.469
2.6	0.251	0.472
2.64	0.253	0.476
2.68	0.255	0.48
2.72	0.257	0.486
2.75	0.261	0.492
2.78	0.264	0.5
2.82	0.269	0.509
2.85	0.274	0.519
2.88	0.28	0.53
2.91	0.287	0.544
2.94	0.294	0.558
2.97	0.302	0.574
3	0.311	0.59
3.03	0.32	0.609
3.06	0.33	0.627
3.1	0.34	0.646
3.13	0.349	0.664
3.18	0.358	0.682
3.22	0.367	0.7
3.27	0.376	0.716
3.33	0.384	0.732
3.38	0.392	0.747
3.45	0.399	0.761
3.51	0.405	0.774
3.58	0.411	0.785
3.65	0.416	0.795
3.73	0.421	0.805
3.8	0.425	0.812
3.88	0.428	0.819
3.95	0.431	0.825
4.02	0.433	0.83
4.1	0.435	0.835
4.17	0.437	0.838
4.24	0.438	0.841
4.31	0.44	0.845
4.37	0.44	0.846
4.44	0.442	0.849
4.51	0.442	0.85
4.58	0.443	0.853
4.64	0.443	0.853
4.71	0.444	0.855
4.77	0.444	0.856
4.84	0.444	0.857
4.9	0.444	0.857
4.97	0.445	0.858
5.03	0.444	0.858
5.1	0.444	0.858
5.16	0.445	0.859
5.22	0.444	0.858
5.29	0.444	0.859
5.35	0.444	0.859
5.41	0.444	0.858
5.47	0.443	0.857
5.53	0.443	0.858
5.6	0.443	0.857
5.66	0.442	0.856
5.72	0.442	0.856
5.78	0.442	0.856
5.84	0.441	0.855
5.9	0.441	0.855
5.96	0.441	0.855
6.03	0.44	0.854
6.09	0.44	0.854
6.15	0.439	0.852
6.21	0.439	0.852
6.27	0.438	0.85
6.33	0.437	0.85
6.39	0.437	0.849
6.45	0.436	0.848
6.51	0.436	0.848
6.57	0.436	0.847
6.63	0.435	0.846
6.69	0.435	0.846
6.75	0.434	0.844
6.8	0.433	0.843
6.86	0.433	0.843
6.92	0.432	0.841
6.98	0.432	0.841
7.04	0.431	0.839
7.1	0.43	0.839
7.16	0.429	0.837
7.22	0.429	0.837
7.28	0.429	0.836
7.34	0.428	0.835
7.4	0.427	0.833
7.45	0.427	0.833
7.51	0.426	0.832
7.57	0.426	0.832
7.63	0.425	0.831
7.69	0.424	0.829
7.75	0.424	0.828
7.81	0.423	0.827
7.86	0.422	0.826
7.92	0.422	0.825
7.98	0.422	0.825
8.04	0.42	0.822
8.1	0.42	0.821
8.16	0.419	0.821
8.22	0.419	0.821
8.28	0.418	0.819
8.34	0.418	0.818
8.39	0.417	0.817
8.45	0.417	0.817
8.51	0.416	0.816
8.57	0.415	0.814
8.63	0.415	0.813
8.68	0.414	0.813
8.74	0.413	0.811
8.8	0.413	0.811
8.86	0.412	0.809
8.91	0.411	0.808
8.97	0.411	0.808
9.03	0.411	0.807
9.09	0.41	0.805
9.14	0.409	0.804
9.2	0.409	0.804
9.26	0.408	0.803
9.32	0.408	0.802
9.37	0.407	0.8
9.43	0.406	0.8
9.5	0.406	0.799
9.55	0.405	0.798
9.61	0.405	0.797
9.67	0.404	0.795
9.73	0.404	0.795
9.79	0.403	0.794
9.85	0.402	0.792
9.91	0.402	0.793
9.97	0.401	0.791
10	0.4	0.789
10.1	0.4	0.789
10.1	0.4	0.788
10.2	0.399	0.787
10.3	0.398	0.786
10.3	0.398	0.785
10.4	0.397	0.785
10.4	0.397	0.784
10.5	0.396	0.783
10.5	0.395	0.781
10.6	0.395	0.782
10.7	0.394	0.779
10.7	0.394	0.779
10.8	0.394	0.779
10.8	0.393	0.778
10.9	0.392	0.776
10.9	0.392	0.775
11	0.391	0.774
11.1	0.391	0.774
11.1	0.39	0.772
11.2	0.39	0.772
11.2	0.389	0.771
11.3	0.389	0.771
11.4	0.388	0.77
11.4	0.388	0.768
11.5	0.387	0.768
11.5	0.387	0.767
11.6	0.386	0.766
11.6	0.386	0.765
11.7	0.386	0.765
11.8	0.385	0.763
11.8	0.384	0.763
11.9	0.384	0.762
11.9	0.384	0.762
12	0.383	0.761
12	0.383	0.76
12.1	0.382	0.759
12.2	0.381	0.758
12.2	0.381	0.757
12.3	0.38	0.756
12.3	0.38	0.756
12.4	0.38	0.755
12.4	0.379	0.755
12.5	0.379	0.754
12.5	0.379	0.754
12.6	0.378	0.752
12.7	0.378	0.752
12.7	0.377	0.751
12.8	0.377	0.75
12.8	0.376	0.75
12.9	0.376	0.748
12.9	0.375	0.748
13	0.375	0.748
13.1	0.374	0.746
13.1	0.374	0.746
13.2	0.374	0.745
13.2	0.373	0.745
13.3	0.373	0.744
13.3	0.372	0.743
13.4	0.372	0.743
13.4	0.372	0.742
13.5	0.371	0.741
13.6	0.371	0.741
13.6	0.371	0.74
13.7	0.37	0.74
13.7	0.37	0.739
13.8	0.37	0.739
13.8	0.369	0.738
13.9	0.369	0.737
13.9	0.368	0.736
14	0.368	0.736
14	0.368	0.736
14.1	0.367	0.735
14.2	0.367	0.734
14.2	0.366	0.733
14.3	0.366	0.733
14.3	0.366	0.732
14.4	0.366	0.732
14.4	0.365	0.732
14.5	0.365	0.731
14.5	0.364	0.73
14.6	0.364	0.729
14.6	0.364	0.729
14.7	0.363	0.729
14.8	0.363	0.729
14.8	0.363	0.728
14.9	0.363	0.728
14.9	0.362	0.727
15	0.362	0.727
15	0.362	0.726
15.1	0.361	0.726
15.1	0.361	0.725
15.2	0.361	0.725
15.2	0.36	0.724
15.3	0.36	0.724
15.3	0.36	0.725
15.4	0.36	0.724
15.4	0.359	0.723
15.5	0.359	0.722
15.5	0.359	0.722
15.6	0.359	0.722
15.6	0.359	0.722
15.7	0.358	0.721
15.7	0.358	0.722
15.8	0.358	0.72
15.8	0.358	0.721
15.9	0.357	0.72
15.9	0.358	0.72
16	0.358	0.72
16	0.358	0.72
16	0.357	0.72
16.1	0.357	0.72
16.1	0.357	0.72
16.2	0.357	0.72
16.2	0.357	0.719
16.3	0.357	0.72
16.3	0.357	0.72
16.3	0.357	0.72
16.4	0.357	0.72
16.4	0.357	0.72
16.4	0.357	0.72
16.5	0.357	0.721
16.5	0.356	0.72
16.5	0.357	0.72
16.5	0.357	0.721
16.6	0.357	0.72
16.6	0.357	0.722
16.6	0.357	0.723
16.6	0.358	0.723
16.6	0.357	0.722
16.7	0.358	0.724
16.7	0.358	0.723
16.7	0.358	0.724
16.7	0.358	0.724
16.7	0.358	0.725
16.7	0.359	0.726
16.7	0.359	0.726
16.7	0.359	0.727
16.6	0.359	0.727
16.6	0.359	0.728
16.6	0.36	0.728
16.6	0.36	0.728
16.5	0.359	0.728
16.5	0.36	0.729
16.5	0.36	0.729
16.4	0.36	0.729
16.4	0.36	0.729
16.3	0.36	0.729
16.2	0.359	0.728
16.2	0.359	0.728
16.1	0.359	0.728
16	0.359	0.728
16	0.359	0.727
15.9	0.374	0.77
15.8	0.367	0.751
15.8	0.36	0.732
15.7	0.357	0.724
15.7	0.357	0.723
15.7	0.357	0.724
15.8	0.357	0.724
15.9	0.356	0.724
16	0.356	0.724
16	0.355	0.722
16.1	0.355	0.722
16.1	0.355	0.722
16.2	0.354	0.721
16.3	0.354	0.721
16.3	0.354	0.72
16.4	0.354	0.72
16.4	0.353	0.719
16.5	0.353	0.718
16.5	0.353	0.718
16.6	0.352	0.718
16.6	0.352	0.717
16.7	0.352	0.717
16.8	0.351	0.716
16.8	0.351	0.715
16.9	0.35	0.714
16.9	0.35	0.714
17	0.35	0.713
17	0.349	0.713
17.1	0.349	0.712
17.1	0.349	0.712
17.2	0.348	0.711
17.2	0.348	0.711
17.3	0.348	0.71
17.4	0.348	0.71
17.4	0.347	0.709
17.5	0.347	0.708
17.5	0.346	0.708
17.6	0.346	0.708
17.6	0.346	0.708
17.7	0.346	0.707
17.7	0.345	0.706
17.8	0.345	0.705
17.8	0.345	0.705
17.9	0.344	0.704
17.9	0.344	0.704
18	0.344	0.704
18	0.343	0.703
18.1	0.343	0.702
18.2	0.343	0.702
18.2	0.342	0.701
18.3	0.342	0.701
18.3	0.342	0.7
18.4	0.341	0.699
18.4	0.341	0.699
18.5	0.341	0.698
18.5	0.341	0.699
18.6	0.34	0.697
18.6	0.34	0.696
18.7	0.34	0.697
18.7	0.339	0.695
18.8	0.339	0.695
18.8	0.339	0.695
18.9	0.338	0.695
18.9	0.338	0.694
19	0.338	0.694
19	0.337	0.692
19.1	0.337	0.692
19.1	0.337	0.692
19.2	0.337	0.692
19.3	0.336	0.691
19.3	0.336	0.691
19.4	0.336	0.69
19.4	0.335	0.689
19.5	0.335	0.689
19.5	0.334	0.688
19.6	0.335	0.688
19.6	0.334	0.687
19.7	0.334	0.687
19.7	0.334	0.687
19.8	0.333	0.686
19.8	0.333	0.686
19.9	0.332	0.685
19.9	0.332	0.684
20	0.332	0.684
20	0.332	0.683
20.1	0.331	0.683
20.1	0.331	0.683
20.2	0.331	0.682
20.2	0.33	0.681
20.3	0.33	0.681
20.3	0.33	0.681
20.4	0.33	0.68
20.4	0.329	0.679
20.5	0.329	0.679
20.5	0.329	0.679
20.6	0.329	0.678
20.6	0.328	0.678
20.7	0.328	0.676
20.7	0.328	0.677
20.8	0.328	0.677
20.8	0.327	0.676
20.9	0.327	0.675
21	0.327	0.675
21	0.326	0.674
21	0.326	0.674
21.1	0.326	0.674
21.2	0.326	0.674
21.2	0.325	0.672
21.3	0.325	0.672
21.3	0.325	0.671
21.4	0.324	0.671
21.4	0.324	0.671
21.5	0.324	0.67
21.5	0.324	0.67
21.6	0.323	0.669
21.6	0.323	0.668
21.7	0.323	0.669
21.7	0.323	0.668
21.8	0.322	0.668
21.8	0.322	0.667
21.9	0.322	0.667
21.9	0.322	0.667
22	0.321	0.666
22	0.321	0.666
22.1	0.321	0.665
22.1	0.321	0.665
22.2	0.32	0.664
22.2	0.32	0.664
22.3	0.32	0.664
22.3	0.319	0.663
22.4	0.319	0.662
22.4	0.319	0.661
22.5	0.319	0.661
22.5	0.319	0.661
22.6	0.318	0.661
22.6	0.318	0.66
22.7	0.318	0.66
22.7	0.317	0.659
22.8	0.317	0.658
22.8	0.317	0.659
22.9	0.317	0.658
22.9	0.316	0.658
23	0.316	0.658
23	0.316	0.657
23.1	0.316	0.657
23.1	0.315	0.656
23.2	0.315	0.656
23.2	0.315	0.655
23.3	0.315	0.655
23.3	0.314	0.655
23.4	0.314	0.653
23.4	0.314	0.653
23.5	0.314	0.653
23.5	0.314	0.653
23.6	0.313	0.652
23.6	0.313	0.652
23.7	0.313	0.652
23.7	0.312	0.651
23.8	0.312	0.65
23.8	0.312	0.651
23.9	0.312	0.649
23.9	0.312	0.65
24	0.311	0.649
24	0.311	0.648
24.1	0.311	0.648
24.1	0.31	0.648
24.2	0.31	0.647
24.2	0.31	0.647
24.3	0.31	0.646
24.3	0.31	0.646
24.4	0.309	0.645
24.4	0.309	0.646
24.5	0.309	0.645
24.5	0.309	0.645
24.6	0.308	0.644
24.6	0.308	0.644
24.7	0.308	0.643
24.7	0.308	0.643
24.8	0.307	0.643
24.8	0.307	0.642
24.9	0.307	0.642
24.9	0.307	0.642
25	0.307	0.641
25	0.306	0.641
25.1	0.306	0.639
25.1	0.306	0.64
25.2	0.306	0.64
25.2	0.305	0.639
25.3	0.305	0.638
25.3	0.305	0.639
25.4	0.304	0.637
25.4	0.304	0.637
25.5	0.304	0.637
25.5	0.304	0.636
25.6	0.304	0.636
25.6	0.303	0.635
25.7	0.303	0.636
25.7	0.303	0.635
25.8	0.303	0.635
25.8	0.303	0.634
25.9	0.302	0.634
25.9	0.302	0.633
26	0.302	0.633
26	0.302	0.633
26.1	0.302	0.633
26.1	0.301	0.632
26.2	0.301	0.632
26.2	0.301	0.631
26.3	0.301	0.631
26.3	0.3	0.63
26.4	0.3	0.63
26.4	0.3	0.63
26.5	0.3	0.629
26.5	0.299	0.629
26.6	0.299	0.628
26.6	0.299	0.629
26.7	0.299	0.627
26.7	0.299	0.628
26.8	0.299	0.628
26.8	0.298	0.627
26.9	0.298	0.626
26.9	0.298	0.626
27	0.297	0.626
27	0.297	0.626
27.1	0.297	0.625
27.1	0.297	0.625
27.2	0.297	0.624
27.2	0.296	0.624
27.3	0.296	0.624
27.3	0.296	0.623
27.4	0.296	0.623
27.4	0.296	0.623
27.5	0.295	0.622
27.5	0.295	0.622
27.6	0.295	0.622
27.6	0.295	0.622
27.7	0.295	0.621
27.7	0.294	0.62
27.8	0.294	0.62
27.8	0.294	0.619
27.9	0.294	0.62
27.9	0.294	0.619
28	0.293	0.619
28	0.293	0.618
28.1	0.293	0.618
28.1	0.293	0.617
28.2	0.293	0.617
28.2	0.292	0.617
28.3	0.292	0.616
28.3	0.292	0.617
28.4	0.292	0.616
28.4	0.292	0.616
28.5	0.291	0.615
28.5	0.291	0.615
28.6	0.291	0.614
28.6	0.291	0.615
28.7	0.291	0.614
28.7	0.29	0.613
28.8	0.29	0.613
28.8	0.29	0.613
28.9	0.29	0.612
28.9	0.289	0.611
29	0.289	0.612
29	0.289	0.612
29.1	0.289	0.611
29.1	0.289	0.611
29.2	0.289	0.611
29.2	0.288	0.61
29.3	0.288	0.61
29.3	0.288	0.61
29.4	0.288	0.609
29.4	0.288	0.609
29.5	0.288	0.609
29.5	0.287	0.608
29.6	0.287	0.608
29.6	0.287	0.607
29.7	0.287	0.607
29.7	0.286	0.606
29.8	0.286	0.607
29.8	0.286	0.606
29.8	0.286	0.606
29.9	0.286	0.605
29.9	0.285	0.605
30	0.286	0.606
30	0.285	0.605
30.1	0.285	0.604
30.1	0.285	0.604
30.2	0.284	0.603
30.2	0.285	0.604
30.3	0.284	0.603
30.3	0.284	0.602
30.4	0.284	0.602
30.4	0.284	0.602
30.5	0.284	0.602
30.5	0.283	0.601
30.6	0.283	0.601
30.6	0.283	0.601
30.7	0.283	0.601
30.7	0.283	0.601
30.8	0.282	0.599
30.8	0.282	0.6
30.9	0.282	0.599
30.9	0.282	0.599
31	0.281	0.598
31	0.281	0.599
31.1	0.281	0.598
31.1	0.281	0.598
31.2	0.281	0.597
31.2	0.281	0.597
31.3	0.281	0.597
31.3	0.28	0.596
31.4	0.28	0.596
31.4	0.28	0.595
31.5	0.28	0.596
31.5	0.28	0.595
31.6	0.279	0.595
31.6	0.279	0.595
31.7	0.279	0.595
31.7	0.279	0.594
31.8	0.279	0.594
31.8	0.279	0.594
31.8	0.278	0.594
31.9	0.278	0.593
31.9	0.278	0.593
32	0.278	0.592
32	0.278	0.592
32.1	0.278	0.592
32.1	0.277	0.591
32.2	0.277	0.591
32.2	0.277	0.591
32.3	0.277	0.591
32.3	0.276	0.589
32.4	0.277	0.59
32.4	0.276	0.59
32.5	0.276	0.589
32.5	0.276	0.589
32.6	0.276	0.589
32.6	0.276	0.588
32.7	0.275	0.588
32.7	0.275	0.588
32.8	0.275	0.587
32.8	0.275	0.587
32.9	0.275	0.587
32.9	0.275	0.587
33	0.274	0.586
33	0.274	0.586
33.1	0.274	0.585
33.1	0.274	0.585
33.2	0.273	0.585
33.2	0.274	0.585
33.3	0.273	0.585
33.3	0.273	0.585
33.4	0.273	0.584
33.4	0.273	0.584
33.5	0.273	0.584
33.5	0.273	0.583
33.6	0.272	0.583
33.6	0.272	0.582
33.7	0.272	0.582
33.7	0.272	0.582
33.8	0.272	0.581
33.8	0.271	0.581
33.9	0.271	0.581
33.9	0.271	0.581
33.9	0.271	0.58
34	0.271	0.58
34	0.271	0.58
34.1	0.27	0.58
34.1	0.27	0.58
34.2	0.27	0.579
34.2	0.27	0.579
34.3	0.27	0.578
34.3	0.27	0.579
34.4	0.27	0.579
34.4	0.269	0.578
34.5	0.269	0.577
34.5	0.269	0.577
34.6	0.269	0.577
34.6	0.269	0.576
34.7	0.268	0.576
34.7	0.268	0.576
34.8	0.268	0.576
34.8	0.268	0.574
34.9	0.268	0.575
34.9	0.268	0.575
35	0.267	0.574
35	0.267	0.574
35.1	0.267	0.574
35.1	0.267	0.573
35.2	0.267	0.573
35.2	0.267	0.573
35.3	0.266	0.573
35.3	0.266	0.573
35.4	0.266	0.572
35.4	0.266	0.572
35.5	0.266	0.572
35.5	0.266	0.571
35.6	0.265	0.571
35.6	0.265	0.57
35.6	0.265	0.57
35.7	0.265	0.571
35.7	0.265	0.57
35.8	0.265	0.569
35.8	0.265	0.57
35.9	0.264	0.569
35.9	0.264	0.569
36	0.264	0.568
36	0.264	0.568
36.1	0.264	0.568
36.1	0.264	0.567
36.2	0.264	0.568
36.2	0.263	0.567
36.3	0.263	0.567
36.3	0.263	0.567
36.4	0.263	0.567
36.4	0.263	0.566
36.5	0.263	0.566
36.5	0.262	0.565
36.6	0.262	0.565
36.6	0.262	0.565
36.7	0.262	0.564
36.7	0.262	0.565
36.8	0.262	0.565
36.8	0.261	0.563
36.9	0.261	0.564
36.9	0.262	0.564
37	0.261	0.563
37	0.261	0.563
37.1	0.261	0.563
37.1	0.261	0.562
37.1	0.26	0.562
37.2	0.26	0.562
37.2	0.26	0.561
37.3	0.26	0.562
37.3	0.26	0.562
37.4	0.26	0.561
37.4	0.26	0.561
37.5	0.259	0.561
37.5	0.259	0.561
37.6	0.259	0.561
37.6	0.259	0.56
37.7	0.259	0.56
37.7	0.259	0.56
37.8	0.259	0.56
37.8	0.259	0.559
37.9	0.258	0.559
37.9	0.258	0.558
38	0.258	0.559
38	0.258	0.558
38.1	0.258	0.558
38.1	0.258	0.558
38.2	0.257	0.557
38.2	0.257	0.557
38.3	0.257	0.557
38.3	0.257	0.557
38.4	0.257	0.556
38.4	0.257	0.556
38.4	0.256	0.555
38.5	0.256	0.556
38.5	0.256	0.555
38.6	0.256	0.554
38.6	0.256	0.555
38.7	0.256	0.554
38.7	0.255	0.553
38.8	0.256	0.554
38.8	0.255	0.553
38.9	0.255	0.554
38.9	0.255	0.553
39	0.255	0.553
39	0.255	0.553
39.1	0.255	0.552
39.1	0.255	0.552
39.2	0.254	0.552
39.2	0.254	0.552
39.3	0.254	0.551
39.3	0.254	0.552
39.4	0.254	0.551
39.4	0.254	0.55
39.5	0.254	0.551
39.5	0.254	0.551
39.6	0.253	0.55
39.6	0.253	0.55
39.6	0.253	0.55
39.7	0.253	0.55
39.7	0.253	0.549
39.8	0.253	0.549
39.8	0.252	0.548
39.9	0.252	0.548
39.9	0.252	0.548
40	0.252	0.548
40	0.252	0.548
40.1	0.252	0.548
40.1	0.252	0.547
40.2	0.252	0.547
40.2	0.252	0.547
40.3	0.251	0.547
40.3	0.251	0.547
40.4	0.251	0.546
40.4	0.251	0.545
40.5	0.251	0.545
40.5	0.251	0.545
40.6	0.251	0.546
40.6	0.25	0.545
40.7	0.25	0.544
40.7	0.25	0.544
40.7	0.25	0.544
40.8	0.25	0.544
40.8	0.25	0.544
40.9	0.25	0.543
40.9	0.249	0.543
41	0.249	0.543
41	0.249	0.543
41.1	0.249	0.543
41.1	0.249	0.542
41.2	0.249	0.542
41.2	0.249	0.542
41.3	0.249	0.542
41.3	0.249	0.542
41.4	0.248	0.541
41.4	0.248	0.541
41.5	0.248	0.541
41.5	0.248	0.541
41.6	0.248	0.541
41.6	0.248	0.54
41.7	0.248	0.54
41.7	0.247	0.539
41.8	0.247	0.539
41.8	0.247	0.54
41.8	0.247	0.54
41.9	0.247	0.539
41.9	0.247	0.539
42	0.247	0.539
42	0.246	0.538
42.1	0.246	0.538
42.1	0.246	0.537
42.2	0.246	0.538
42.2	0.246	0.537
42.3	0.246	0.537
42.3	0.246	0.537
42.4	0.246	0.537
42.4	0.246	0.537
42.5	0.245	0.537
42.5	0.245	0.536
42.6	0.245	0.536
42.6	0.245	0.536
42.7	0.245	0.536
42.7	0.245	0.536
42.8	0.245	0.535
42.8	0.244	0.534
42.9	0.244	0.534
42.9	0.244	0.534
42.9	0.244	0.534
43	0.244	0.533
43	0.243	0.533
43.1	0.244	0.534
43.1	0.244	0.534
43.2	0.244	0.533
43.2	0.243	0.533
43.3	0.243	0.533
43.3	0.243	0.533
43.4	0.243	0.533
43.4	0.243	0.532
43.5	0.243	0.532
43.5	0.243	0.532
43.6	0.242	0.531
43.6	0.242	0.531
43.7	0.242	0.531
43.7	0.242	0.531
43.8	0.242	0.53
43.8	0.242	0.531
43.8	0.242	0.531
43.9	0.242	0.53
43.9	0.242	0.53
44	0.241	0.53
44	0.242	0.53
44.1	0.241	0.529
44.1	0.241	0.529
44.2	0.241	0.529
44.2	0.241	0.528
44.3	0.241	0.528
44.3	0.241	0.528
44.4	0.241	0.528
44.4	0.24	0.528
44.5	0.24	0.527
44.5	0.24	0.528
44.6	0.24	0.527
44.6	0.24	0.527
44.7	0.24	0.527
44.7	0.24	0.526
44.7	0.24	0.526
44.8	0.239	0.526
44.8	0.239	0.526
44.9	0.239	0.525
44.9	0.239	0.526
45	0.239	0.525
45	0.239	0.525
45.1	0.239	0.525
45.1	0.238	0.524
45.2	0.238	0.524
45.2	0.238	0.525
45.3	0.238	0.524
45.3	0.238	0.524
45.4	0.238	0.523
45.4	0.238	0.523
45.5	0.238	0.523
45.5	0.238	0.523
45.6	0.237	0.522
45.6	0.237	0.522
45.6	0.237	0.523
45.7	0.237	0.522
45.7	0.237	0.523
45.8	0.237	0.521
45.8	0.237	0.522
45.9	0.237	0.521
45.9	0.237	0.521
46	0.237	0.521
46	0.236	0.521
46.1	0.236	0.521
46.1	0.236	0.52
46.2	0.236	0.519
46.2	0.236	0.52
46.3	0.236	0.52
46.3	0.235	0.519
46.4	0.236	0.52
46.4	0.236	0.52
46.5	0.236	0.52
46.5	0.235	0.519
46.6	0.235	0.519
46.6	0.235	0.519
46.6	0.235	0.518
46.7	0.235	0.518
46.7	0.235	0.518
46.8	0.235	0.518
46.8	0.234	0.518
46.9	0.234	0.517
46.9	0.234	0.517
47	0.234	0.517
47	0.234	0.517
47.1	0.234	0.516
47.1	0.234	0.517
47.2	0.233	0.516
47.2	0.234	0.516
47.3	0.233	0.516
47.3	0.234	0.516
47.4	0.233	0.516
47.4	0.233	0.515
47.4	0.233	0.514
47.5	0.233	0.515
47.5	0.233	0.514
47.6	0.233	0.514
47.6	0.233	0.515
47.7	0.233	0.514
47.7	0.232	0.513
47.8	0.232	0.513
47.8	0.232	0.513
47.9	0.232	0.513
47.9	0.232	0.513
48	0.232	0.513
48	0.232	0.513
48.1	0.232	0.512
48.1	0.232	0.513
48.1	0.232	0.513
48.2	0.231	0.511
48.2	0.231	0.512
48.3	0.231	0.512
48.3	0.231	0.511
48.4	0.231	0.512
48.4	0.231	0.511
48.5	0.231	0.511
48.5	0.231	0.511
48.6	0.23	0.51
48.6	0.23	0.51
48.7	0.23	0.511
48.7	0.23	0.509
48.8	0.23	0.51
48.8	0.23	0.51
48.8	0.23	0.509
48.9	0.23	0.51
48.9	0.23	0.509
49	0.23	0.509
49	0.23	0.509
49.1	0.229	0.508
49.1	0.229	0.509
49.2	0.229	0.508
49.2	0.229	0.508
49.3	0.229	0.508
49.3	0.229	0.507
49.4	0.229	0.508
49.4	0.229	0.508
49.4	0.229	0.507
49.5	0.228	0.507
49.5	0.228	0.506
49.6	0.228	0.507
49.6	0.228	0.506
49.7	0.228	0.506
49.7	0.228	0.506
49.8	0.228	0.506
49.8	0.228	0.506
49.9	0.228	0.506
49.9	0.228	0.506
50	0.227	0.505
50	0.227	0.505
50.1	0.227	0.505
50.1	0.227	0.504
50.1	0.227	0.505
50.2	0.227	0.505
50.2	0.227	0.505
50.3	0.227	0.504
50.3	0.227	0.504
50.4	0.227	0.504
50.4	0.226	0.503
50.5	0.226	0.503
50.5	0.226	0.503
50.6	0.226	0.502
50.6	0.226	0.503
50.7	0.226	0.503
50.7	0.226	0.503
50.8	0.226	0.502
50.8	0.226	0.502
50.9	0.225	0.502
50.9	0.225	0.501
50.9	0.225	0.501
51	0.225	0.501
51	0.225	0.502
51.1	0.225	0.502
51.1	0.225	0.501
51.2	0.225	0.5
51.2	0.225	0.5
51.3	0.224	0.5
51.3	0.225	0.501
51.4	0.224	0.5
51.4	0.224	0.5
51.5	0.224	0.5
51.5	0.224	0.499
51.6	0.224	0.499
51.6	0.224	0.5
51.6	0.224	0.499
51.7	0.224	0.498
51.7	0.224	0.499
51.8	0.224	0.499
51.8	0.223	0.498
51.9	0.223	0.498
51.9	0.223	0.498
52	0.223	0.498
52	0.223	0.498
52.1	0.223	0.498
52.1	0.223	0.497
52.1	0.223	0.497
52.2	0.223	0.497
52.2	0.223	0.497
52.3	0.223	0.497
52.3	0.222	0.497
52.4	0.222	0.496
52.4	0.222	0.496
52.5	0.222	0.496
52.5	0.222	0.496
52.6	0.222	0.496
52.6	0.222	0.495
52.7	0.221	0.495
52.7	0.222	0.496
52.8	0.221	0.495
52.8	0.221	0.495
52.8	0.221	0.495
52.9	0.221	0.495
52.9	0.221	0.495
53	0.221	0.494
53	0.221	0.494
53.1	0.221	0.494
53.1	0.221	0.494
53.2	0.221	0.494
53.2	0.22	0.493
53.3	0.22	0.493
53.3	0.22	0.493
53.4	0.22	0.492
53.4	0.22	0.492
53.4	0.22	0.492
53.5	0.22	0.492
53.5	0.22	0.492
53.6	0.219	0.491
53.6	0.22	0.492
53.7	0.219	0.491
53.7	0.219	0.492
53.8	0.219	0.491
53.8	0.219	0.491
53.9	0.219	0.491
53.9	0.219	0.491
53.9	0.219	0.491
54	0.219	0.49
54	0.219	0.491
54.1	0.219	0.49
54.1	0.219	0.49
54.2	0.219	0.49
54.2	0.218	0.489
54.3	0.218	0.49
54.3	0.218	0.49
54.4	0.218	0.49
54.4	0.218	0.49
54.4	0.218	0.489
54.5	0.218	0.489
54.5	0.218	0.489
54.6	0.218	0.488
54.6	0.218	0.488
54.7	0.218	0.488
54.7	0.217	0.488
54.8	0.217	0.487
54.8	0.217	0.487
54.9	0.217	0.488
54.9	0.217	0.487
55	0.217	0.488
55	0.217	0.487
55	0.217	0.487
55.1	0.217	0.487
55.1	0.217	0.486
55.2	0.217	0.486
55.2	0.217	0.487
55.3	0.217	0.487
55.3	0.217	0.487
55.4	0.216	0.486
55.4	0.216	0.485
55.5	0.216	0.485
55.5	0.216	0.486
55.5	0.216	0.486
55.6	0.216	0.485
55.6	0.216	0.485
55.7	0.216	0.485
55.7	0.216	0.485
55.8	0.215	0.484
55.8	0.215	0.484
55.9	0.215	0.485
55.9	0.215	0.484
56	0.215	0.484
56	0.215	0.484
56	0.215	0.483
56.1	0.215	0.484
56.1	0.215	0.483
56.2	0.215	0.483
56.2	0.215	0.483
56.3	0.214	0.482
56.3	0.214	0.483
56.4	0.214	0.482
56.4	0.214	0.483
56.5	0.214	0.482
56.5	0.214	0.482
56.6	0.214	0.482
56.6	0.214	0.482
56.6	0.214	0.481
56.7	0.214	0.482
56.7	0.214	0.481
56.8	0.213	0.48
56.8	0.213	0.48
56.9	0.213	0.48
56.9	0.213	0.48
57	0.213	0.481
57	0.213	0.48
57.1	0.213	0.48
57.1	0.213	0.48
57.1	0.213	0.48
57.2	0.213	0.48
57.2	0.213	0.48
57.3	0.213	0.48
57.3	0.212	0.479
57.4	0.212	0.479
57.4	0.212	0.479
57.5	0.212	0.479
57.5	0.212	0.479
57.6	0.212	0.479
57.6	0.212	0.479
57.6	0.212	0.479
57.7	0.212	0.479
57.7	0.212	0.478
57.8	0.212	0.478
57.8	0.211	0.477
57.9	0.212	0.478
57.9	0.211	0.478
58	0.211	0.477
58	0.211	0.477
58.1	0.211	0.477
58.1	0.211	0.477
58.1	0.211	0.477
58.2	0.211	0.477
58.2	0.211	0.477
58.3	0.211	0.476
58.3	0.211	0.476
58.4	0.211	0.476
58.4	0.211	0.476
58.5	0.21	0.476
58.5	0.21	0.476
58.6	0.21	0.475
58.6	0.21	0.475
58.6	0.21	0.475
58.7	0.21	0.475
58.7	0.21	0.474
58.8	0.21	0.475
58.8	0.21	0.475
58.9	0.21	0.475
58.9	0.21	0.475
59	0.209	0.474
59	0.21	0.475
59.1	0.209	0.474
59.1	0.209	0.474
59.1	0.209	0.473
59.2	0.209	0.474
59.2	0.209	0.473
59.3	0.209	0.473
59.3	0.209	0.473
59.4	0.209	0.473
59.4	0.208	0.472
59.5	0.209	0.473
59.5	0.209	0.473
59.5	0.208	0.472
59.6	0.208	0.472
59.6	0.208	0.473
59.7	0.208	0.472
59.7	0.208	0.472
59.8	0.208	0.472
59.8	0.208	0.471
59.9	0.208	0.471
59.9	0.208	0.471
60	0.208	0.471
60	0.208	0.471
60	0.207	0.47
60.1	0.208	0.471
60.1	0.207	0.47
60.2	0.207	0.47
60.2	0.207	0.47
60.3	0.207	0.47
60.3	0.207	0.47
60.4	0.207	0.47
60.4	0.207	0.469
60.4	0.207	0.47
60.5	0.207	0.47
60.5	0.207	0.469
60.6	0.207	0.469
60.6	0.207	0.469
60.7	0.206	0.469
60.7	0.206	0.468
60.8	0.206	0.469
60.8	0.206	0.468
60.8	0.206	0.469
60.9	0.206	0.468
60.9	0.206	0.468
61	0.206	0.468
61	0.206	0.468
61.1	0.206	0.467
61.1	0.206	0.468
61.2	0.206	0.468
61.2	0.206	0.467
61.3	0.206	0.468
61.3	0.205	0.467
61.3	0.205	0.467
61.4	0.205	0.467
61.4	0.205	0.467
61.5	0.205	0.467
61.5	0.205	0.466
61.6	0.205	0.467
61.6	0.205	0.466
61.7	0.205	0.466
61.7	0.205	0.465
61.7	0.205	0.466
61.8	0.205	0.466
61.8	0.204	0.465
61.9	0.204	0.465
61.9	0.205	0.466
62	0.204	0.465
62	0.204	0.466
62.1	0.204	0.464
62.1	0.204	0.464
62.1	0.204	0.464
62.2	0.204	0.465
62.2	0.204	0.464
62.3	0.204	0.465
62.3	0.204	0.464
62.4	0.204	0.464
62.4	0.203	0.464
62.5	0.203	0.463
62.5	0.203	0.464
62.5	0.203	0.463
62.6	0.203	0.463
62.6	0.203	0.463
62.7	0.203	0.463
62.7	0.203	0.463
62.8	0.203	0.463
62.8	0.203	0.462
62.9	0.203	0.462
62.9	0.203	0.463
63	0.203	0.463
63	0.203	0.463
63	0.202	0.462
63.1	0.203	0.462
63.1	0.202	0.461
63.2	0.202	0.461
63.2	0.202	0.461
63.3	0.202	0.461
63.3	0.202	0.461
63.4	0.202	0.461
63.4	0.202	0.461
63.4	0.202	0.461
63.5	0.202	0.461
63.5	0.202	0.46
63.6	0.202	0.46
63.6	0.201	0.46
63.7	0.202	0.46
63.7	0.201	0.459
63.7	0.201	0.46
63.8	0.201	0.46
63.8	0.201	0.459
63.9	0.201	0.46
63.9	0.201	0.459
64	0.201	0.459
64	0.201	0.459
64.1	0.201	0.458
64.1	0.201	0.459
64.1	0.201	0.459
64.2	0.2	0.458
64.2	0.2	0.458
64.3	0.2	0.458
64.3	0.2	0.459
64.4	0.2	0.458
64.4	0.2	0.457
64.5	0.2	0.458
64.5	0.2	0.458
64.6	0.2	0.458
64.6	0.2	0.457
64.6	0.2	0.457
64.7	0.2	0.457
64.7	0.2	0.457
64.8	0.2	0.457
64.8	0.199	0.456
64.9	0.199	0.456
64.9	0.199	0.456
64.9	0.199	0.456
65	0.199	0.457
65	0.199	0.456
65.1	0.199	0.456
65.1	0.199	0.456
65.2	0.199	0.455
65.2	0.199	0.455
65.3	0.199	0.456
65.3	0.199	0.455
65.3	0.199	0.455
65.4	0.199	0.455
65.4	0.199	0.455
65.5	0.198	0.454
65.5	0.198	0.454
65.6	0.198	0.454
65.6	0.198	0.454
65.7	0.198	0.454
65.7	0.198	0.454
65.7	0.198	0.454
65.8	0.198	0.454
65.8	0.198	0.454
65.9	0.198	0.454
65.9	0.198	0.454
65.9	0.198	0.453
66	0.198	0.454
66	0.197	0.453
66.1	0.198	0.453
66.1	0.197	0.452
66.2	0.197	0.453
66.2	0.197	0.453
66.3	0.197	0.452
66.3	0.197	0.453
66.3	0.197	0.453
66.4	0.197	0.452
66.4	0.197	0.451
66.5	0.197	0.453
66.5	0.197	0.452
66.6	0.197	0.452
66.6	0.197	0.452
66.7	0.197	0.452
66.7	0.197	0.451
66.7	0.196	0.451
66.8	0.196	0.451
66.8	0.197	0.452
66.9	0.196	0.451
66.9	0.196	0.451
67	0.196	0.451
67	0.196	0.451
67	0.196	0.451
67.1	0.196	0.45
67.1	0.196	0.45
67.2	0.196	0.45
67.2	0.196	0.449
67.3	0.195	0.449
67.3	0.196	0.45
67.3	0.196	0.45
67.4	0.196	0.45
67.4	0.195	0.449
67.5	0.195	0.45
67.5	0.195	0.449
67.6	0.195	0.45
67.6	0.195	0.45
67.7	0.195	0.449
67.7	0.195	0.449
67.8	0.195	0.449
67.8	0.195	0.449
67.8	0.195	0.449
67.9	0.195	0.448
67.9	0.195	0.449
68	0.195	0.449
68	0.195	0.448
68.1	0.195	0.448
68.1	0.194	0.448
68.1	0.195	0.448
68.2	0.194	0.448
68.2	0.194	0.448
68.3	0.194	0.447
68.3	0.194	0.448
68.4	0.194	0.447
68.4	0.194	0.447
68.4	0.194	0.446
68.5	0.194	0.446
68.5	0.194	0.447
68.6	0.194	0.447
68.6	0.193	0.445
68.7	0.194	0.446
68.7	0.193	0.446
68.7	0.193	0.445
68.8	0.193	0.446
68.8	0.194	0.446
68.9	0.193	0.445
68.9	0.193	0.446
69	0.193	0.445
69	0.193	0.445
69.1	0.193	0.445
69.1	0.193	0.446
69.1	0.193	0.445
69.2	0.193	0.445
69.2	0.193	0.444
69.3	0.193	0.445
69.3	0.193	0.444
69.4	0.192	0.444
69.4	0.192	0.444
69.4	0.192	0.444
69.5	0.192	0.444
69.5	0.192	0.444
69.6	0.192	0.444
69.6	0.192	0.444
69.7	0.192	0.444
69.7	0.192	0.443
69.7	0.192	0.443
69.8	0.192	0.444
69.8	0.192	0.444
69.9	0.192	0.444
69.9	0.192	0.444
70	0.192	0.443
70	0.191	0.442
70	0.192	0.443
70.1	0.192	0.443
70.1	0.191	0.442
70.2	0.191	0.442
70.2	0.191	0.442
70.3	0.191	0.442
70.3	0.191	0.442
70.3	0.191	0.442
70.4	0.191	0.442
70.4	0.191	0.442
70.5	0.191	0.442
70.5	0.191	0.442
70.6	0.191	0.441
70.6	0.191	0.441
70.6	0.191	0.441
70.7	0.191	0.441
70.7	0.191	0.442
70.8	0.191	0.441
70.8	0.19	0.441
70.9	0.19	0.441
70.9	0.19	0.441
70.9	0.19	0.44
71	0.19	0.44
71	0.19	0.44
71.1	0.19	0.44
71.1	0.19	0.44
71.2	0.19	0.44
71.2	0.19	0.44
71.3	0.19	0.44
71.3	0.19	0.439
71.3	0.19	0.439
71.4	0.19	0.44
71.4	0.19	0.44
71.5	0.19	0.439
71.5	0.19	0.439
71.5	0.189	0.439
71.6	0.189	0.439
71.6	0.189	0.438
71.7	0.189	0.439
71.7	0.189	0.438
71.8	0.189	0.438
71.8	0.189	0.439
71.9	0.189	0.438
71.9	0.189	0.438
71.9	0.189	0.438
72	0.189	0.438
72	0.189	0.438
72.1	0.189	0.438
72.1	0.189	0.438
72.2	0.189	0.437
72.2	0.189	0.438
72.2	0.188	0.437
72.3	0.188	0.437
72.3	0.188	0.436
72.4	0.188	0.436
72.4	0.188	0.437
72.5	0.188	0.437
72.5	0.188	0.437
72.5	0.188	0.436
72.6	0.188	0.436
72.6	0.188	0.437
72.7	0.188	0.436
72.7	0.188	0.436
72.8	0.188	0.436
72.8	0.188	0.436
72.8	0.188	0.436
72.9	0.187	0.435
72.9	0.187	0.435
73	0.188	0.436
73	0.187	0.436
73.1	0.187	0.435
73.1	0.187	0.435
73.1	0.187	0.435
73.2	0.187	0.435
73.2	0.187	0.435
73.3	0.187	0.434
73.3	0.187	0.435
73.4	0.187	0.434
73.4	0.187	0.434
73.4	0.187	0.434
73.5	0.187	0.434
73.5	0.187	0.434
73.6	0.187	0.434
73.6	0.187	0.434
73.7	0.187	0.434
73.7	0.186	0.433
73.7	0.186	0.433
73.8	0.186	0.433
73.8	0.186	0.433
73.9	0.186	0.433
73.9	0.186	0.433
73.9	0.186	0.433
74	0.186	0.433
74	0.186	0.433
74.1	0.186	0.433
74.1	0.186	0.432
74.2	0.186	0.432
74.2	0.186	0.432
74.2	0.186	0.433
74.3	0.185	0.432
74.3	0.186	0.433
74.4	0.185	0.432
74.4	0.185	0.432
74.5	0.185	0.432
74.5	0.185	0.432
74.5	0.185	0.431
74.6	0.185	0.432
74.6	0.185	0.432
74.7	0.185	0.432
74.7	0.185	0.431
74.8	0.185	0.432
74.8	0.185	0.43
74.8	0.185	0.431
74.9	0.185	0.43
74.9	0.185	0.431
75	0.185	0.431
75	0.185	0.43
75.1	0.185	0.43
75.1	0.184	0.43
75.1	0.185	0.43
75.2	0.184	0.43
75.2	0.184	0.43
75.3	0.184	0.429
75.3	0.184	0.429
75.3	0.184	0.43
75.4	0.184	0.429
75.4	0.184	0.429
75.5	0.184	0.429
75.5	0.184	0.429
75.6	0.184	0.43
75.6	0.184	0.429
75.6	0.184	0.429
75.7	0.184	0.429
75.7	0.184	0.429
75.8	0.184	0.428
75.8	0.184	0.429
75.9	0.183	0.428
75.9	0.183	0.428
75.9	0.183	0.428
76	0.183	0.428
76	0.183	0.428
76.1	0.183	0.428
76.1	0.183	0.428
76.1	0.183	0.427
76.2	0.183	0.428
76.2	0.183	0.428
76.3	0.183	0.427
76.3	0.183	0.428
76.4	0.183	0.427
76.4	0.183	0.427
76.4	0.183	0.428
76.5	0.183	0.427
76.5	0.183	0.427
76.6	0.183	0.427
76.6	0.183	0.427
76.7	0.183	0.427
76.7	0.183	0.427
76.7	0.182	0.426
76.8	0.182	0.425
76.8	0.182	0.426
76.9	0.182	0.426
76.9	0.182	0.426
76.9	0.182	0.426
77	0.182	0.425
77	0.182	0.426
77.1	0.182	0.425
77.1	0.182	0.426
77.1	0.182	0.425
77.2	0.182	0.425
77.2	0.182	0.425
77.3	0.182	0.425
77.3	0.182	0.425
77.4	0.181	0.424
77.4	0.182	0.425
77.4	0.181	0.425
77.5	0.181	0.425
77.5	0.181	0.424
77.6	0.181	0.424
77.6	0.181	0.425
77.7	0.181	0.424
77.7	0.181	0.424
77.7	0.181	0.424
77.8	0.181	0.424
77.8	0.181	0.424
77.9	0.181	0.424
77.9	0.181	0.423
77.9	0.181	0.424
78	0.181	0.423
78	0.18	0.422
78.1	0.181	0.424
78.1	0.18	0.423
78.1	0.181	0.424
78.2	0.181	0.424
78.2	0.18	0.423
78.3	0.18	0.423
78.3	0.18	0.423
78.4	0.18	0.423
78.4	0.18	0.423
78.4	0.18	0.423
78.5	0.18	0.422
78.5	0.18	0.422
78.6	0.18	0.422
78.6	0.18	0.421
78.6	0.18	0.422
78.7	0.18	0.421
78.7	0.18	0.422
78.8	0.18	0.422
78.8	0.18	0.422
78.9	0.18	0.421
78.9	0.18	0.421
78.9	0.179	0.421
79	0.18	0.422
79	0.179	0.421
79.1	0.179	0.421
79.1	0.179	0.421
79.1	0.179	0.421
79.2	0.179	0.421
79.2	0.179	0.421
79.3	0.179	0.421
79.3	0.179	0.421
79.3	0.179	0.42
79.4	0.179	0.42
79.4	0.179	0.42
79.5	0.179	0.42
79.5	0.179	0.42
79.6	0.179	0.42
79.6	0.179	0.421
79.6	0.179	0.419
79.7	0.178	0.419
79.7	0.178	0.419
79.8	0.178	0.419
79.8	0.178	0.42
79.8	0.178	0.42
79.9	0.178	0.419
79.9	0.178	0.419
80	0.178	0.418
80	0.178	0.419
80.1	0.178	0.419
80.1	0.178	0.418
80.1	0.178	0.418
80.2	0.178	0.419
80.2	0.178	0.418
80.3	0.178	0.418
80.3	0.178	0.418
80.3	0.178	0.418
80.4	0.178	0.418
80.4	0.178	0.418
80.5	0.178	0.418
80.5	0.178	0.418
80.6	0.177	0.418
80.6	0.178	0.418
80.6	0.177	0.417
80.7	0.177	0.417
80.7	0.177	0.418
80.8	0.177	0.418
80.8	0.177	0.417
80.8	0.177	0.417
80.9	0.177	0.417
80.9	0.177	0.417
81	0.177	0.417
81	0.177	0.417
81	0.177	0.417
81.1	0.177	0.416
81.1	0.177	0.416
81.2	0.177	0.417
81.2	0.177	0.416
81.2	0.177	0.416
81.3	0.177	0.416
81.3	0.177	0.417
81.4	0.177	0.416
81.4	0.176	0.416
81.4	0.176	0.416
81.5	0.176	0.416
81.5	0.176	0.415
81.6	0.176	0.416
81.6	0.176	0.415
81.7	0.176	0.416
81.7	0.176	0.415
81.7	0.176	0.415
81.8	0.176	0.416
81.8	0.176	0.414
81.9	0.176	0.415
81.9	0.176	0.415
81.9	0.176	0.415
82	0.176	0.415
82	0.176	0.414
82.1	0.176	0.414
82.1	0.175	0.414
82.1	0.176	0.415
82.2	0.175	0.414
82.2	0.176	0.414
82.3	0.175	0.414
82.3	0.176	0.415
82.3	0.176	0.415
82.4	0.175	0.414
82.4	0.175	0.413
82.5	0.175	0.414
82.5	0.175	0.413
82.5	0.175	0.413
82.6	0.175	0.413
82.6	0.175	0.413
82.7	0.175	0.413
82.7	0.175	0.413
82.7	0.175	0.413
82.8	0.175	0.413
82.8	0.175	0.413
82.9	0.175	0.413
82.9	0.174	0.412
83	0.174	0.412
83	0.174	0.412
83	0.175	0.412
83.1	0.175	0.413
83.1	0.174	0.412
83.2	0.174	0.412
83.2	0.174	0.412
83.2	0.174	0.412
83.3	0.174	0.411
83.3	0.174	0.412
83.4	0.174	0.412
83.4	0.174	0.411
83.4	0.174	0.412
83.5	0.174	0.412
83.5	0.174	0.412
83.6	0.174	0.411
83.6	0.174	0.411
83.6	0.174	0.411
83.7	0.174	0.411
83.7	0.174	0.411
83.8	0.174	0.411
83.8	0.174	0.411
83.8	0.173	0.41
83.9	0.173	0.41
83.9	0.174	0.411
84	0.173	0.41
84	0.174	0.411
84	0.173	0.41
84.1	0.173	0.41
84.1	0.173	0.41
84.2	0.173	0.41
84.2	0.173	0.409
84.2	0.173	0.41
84.3	0.173	0.41
84.3	0.173	0.409
84.4	0.173	0.41
84.4	0.173	0.409
84.4	0.173	0.41
84.5	0.173	0.41
84.5	0.173	0.41
84.5	0.173	0.409
84.6	0.172	0.409
84.6	0.173	0.409
84.7	0.173	0.409
84.7	0.172	0.409
84.7	0.173	0.409
84.8	0.173	0.409
84.8	0.172	0.408
84.9	0.172	0.408
84.9	0.172	0.409
84.9	0.172	0.408
85	0.172	0.408
85	0.172	0.408
85.1	0.172	0.408
85.1	0.172	0.408
85.1	0.172	0.407
85.2	0.172	0.408
85.2	0.172	0.408
85.3	0.172	0.408
85.3	0.172	0.407
85.3	0.172	0.408
85.4	0.172	0.407
85.4	0.172	0.407
85.5	0.172	0.407
85.5	0.172	0.408
85.5	0.172	0.407
85.6	0.172	0.407
85.6	0.171	0.406
85.7	0.171	0.406
85.7	0.171	0.406
85.7	0.171	0.406
85.8	0.171	0.407
85.8	0.171	0.406
85.9	0.171	0.406
85.9	0.171	0.406
85.9	0.171	0.406
86	0.171	0.406
86	0.171	0.406
86	0.171	0.406
86.1	0.171	0.406
86.1	0.171	0.406
86.2	0.171	0.406
86.2	0.171	0.405
86.2	0.171	0.405
86.3	0.171	0.405
86.3	0.171	0.405
86.4	0.171	0.406
86.4	0.17	0.405
86.4	0.17	0.405
86.5	0.17	0.404
86.5	0.17	0.405
86.5	0.17	0.404
86.6	0.17	0.405
86.6	0.17	0.405
86.7	0.17	0.405
86.7	0.17	0.405
86.7	0.17	0.404
86.8	0.17	0.404
86.8	0.17	0.404
86.9	0.17	0.404
86.9	0.17	0.404
86.9	0.17	0.404
87	0.17	0.403
87	0.17	0.404
87	0.17	0.403
87.1	0.17	0.404
87.1	0.17	0.404
87.2	0.169	0.403
87.2	0.17	0.404
87.2	0.169	0.402
87.3	0.169	0.403
87.3	0.169	0.403
87.3	0.169	0.403
87.4	0.169	0.403
87.4	0.169	0.402
87.5	0.169	0.403
87.5	0.169	0.403
87.5	0.169	0.402
87.6	0.169	0.403
87.6	0.169	0.402
87.7	0.169	0.402
87.7	0.169	0.402
87.7	0.169	0.402
87.8	0.169	0.403
87.8	0.169	0.401
87.8	0.169	0.402
87.9	0.169	0.402
87.9	0.169	0.402
88	0.168	0.401
88	0.169	0.402
88	0.169	0.402
88.1	0.169	0.402
88.1	0.168	0.401
88.1	0.169	0.402
88.2	0.168	0.401
88.2	0.168	0.4
88.3	0.168	0.401
88.3	0.168	0.401
88.3	0.168	0.4
88.4	0.168	0.401
88.4	0.168	0.401
88.4	0.168	0.4
88.5	0.168	0.4
88.5	0.168	0.401
88.6	0.168	0.4
88.6	0.168	0.4
88.6	0.168	0.399
88.7	0.168	0.4
88.7	0.168	0.4
88.7	0.168	0.4
88.8	0.168	0.4
88.8	0.168	0.399
88.8	0.167	0.398
88.9	0.168	0.4
88.9	0.168	0.399
89	0.167	0.398
89	0.167	0.399
89	0.167	0.399
89.1	0.167	0.398
89.1	0.167	0.399
89.1	0.167	0.398
89.2	0.167	0.398
89.2	0.167	0.398
89.2	0.167	0.399
89.3	0.167	0.398
89.3	0.167	0.397
89.3	0.167	0.399
89.4	0.167	0.397
89.4	0.167	0.398
89.4	0.167	0.398
89.5	0.167	0.398
89.5	0.167	0.397
89.5	0.167	0.398
89.6	0.167	0.398
89.6	0.167	0.398
89.6	0.167	0.397
89.7	0.167	0.398
89.7	0.166	0.397
89.7	0.166	0.396
89.8	0.166	0.397
89.8	0.166	0.397
89.8	0.166	0.396
89.8	0.166	0.397
89.9	0.166	0.396
89.9	0.166	0.396
89.9	0.166	0.396
90	0.166	0.397
90	0.166	0.396
90	0.166	0.396
90	0.166	0.396
90.1	0.166	0.395
