4.92	0.46	0.762
4.96	0.454	0.756
4.97	0.43	0.763
5.66	0.411	0.766
8.11	0.356	0.714
10.8	0.323	0.658
12.5	0.307	0.631
13.2	0.302	0.621
13.9	0.297	0.612
14.5	0.293	0.604
15.2	0.289	0.596
15.9	0.284	0.588
16.7	0.28	0.579
17.5	0.275	0.57
18.4	0.271	0.561
19.3	0.266	0.552
20.3	0.262	0.542
21.4	0.257	0.533
22.6	0.252	0.523
23.3	0.249	0.517
23.7	0.247	0.513
25	0.242	0.501
26.5	0.235	0.488
28.1	0.229	0.474
29.8	0.222	0.46
31.6	0.216	0.446
33.6	0.209	0.432
35.7	0.203	0.418
37.9	0.197	0.405
40.3	0.19	0.392
42.8	0.184	0.378
45.4	0.178	0.365
48.2	0.172	0.352
51	0.167	0.341
54	0.161	0.329
56.9	0.157	0.319
59.8	0.152	0.309
62.7	0.148	0.301
63.2	0.147	0.299
65.3	0.144	0.293
67.4	0.141	0.286
67.4	0.139	0.283
64.1	0.145	0.294
61.2	0.147	0.299
58.4	0.15	0.305
55.7	0.153	0.312
53	0.156	0.319
50.5	0.16	0.327
48	0.165	0.337
45.7	0.169	0.347
43.5	0.172	0.352
41.5	0.176	0.361
39.7	0.179	0.368
37.9	0.183	0.376
36.3	0.187	0.384
34.8	0.19	0.39
33.4	0.193	0.396
32.1	0.195	0.402
30.9	0.199	0.41
29.7	0.201	0.414
28.7	0.203	0.419
27.6	0.206	0.424
26.7	0.208	0.429
25.8	0.211	0.435
24.9	0.213	0.438
24.2	0.216	0.445
23.5	0.217	0.447
22.9	0.218	0.449
22.3	0.219	0.452
21.7	0.221	0.456
21.2	0.222	0.458
20.7	0.223	0.46
20.3	0.225	0.463
19.8	0.225	0.465
19.4	0.226	0.466
19	0.227	0.468
18.7	0.229	0.471
18.3	0.229	0.472
18	0.229	0.472
17.9	0.23	0.474
17.6	0.23	0.473
17.3	0.232	0.477
17.1	0.231	0.475
16.9	0.231	0.475
16.8	0.231	0.476
16.6	0.232	0.476
16.5	0.232	0.477
16.4	0.232	0.477
16.3	0.232	0.477
16.3	0.232	0.477
16.2	0.232	0.477
16.1	0.232	0.476
16	0.232	0.477
16	0.232	0.476
16	0.232	0.477
16	0.232	0.476
16	0.232	0.476
15.9	0.232	0.476
15.9	0.232	0.477
15.9	0.232	0.477
15.9	0.232	0.477
15.8	0.232	0.477
15.8	0.232	0.476
15.8	0.232	0.476
15.8	0.232	0.476
15.7	0.232	0.476
15.7	0.232	0.476
15.7	0.232	0.476
15.7	0.231	0.475
15.7	0.232	0.476
15.7	0.231	0.475
15.6	0.231	0.475
15.6	0.232	0.475
15.6	0.232	0.475
15.6	0.231	0.475
15.6	0.231	0.475
15.6	0.231	0.475
15.6	0.231	0.475
15.5	0.231	0.474
15.5	0.231	0.474
15.5	0.231	0.473
15.5	0.23	0.473
15.5	0.23	0.473
15.5	0.23	0.473
15.5	0.23	0.473
15.5	0.23	0.473
15.5	0.23	0.472
15.5	0.23	0.472
15.5	0.23	0.472
15.5	0.23	0.471
15.5	0.231	0.474
15.5	0.231	0.473
15.5	0.231	0.473
15.5	0.23	0.473
15.5	0.23	0.472
15.5	0.23	0.472
15.5	0.23	0.472
15.5	0.23	0.472
15.5	0.23	0.471
15.5	0.23	0.471
15.5	0.229	0.471
15.5	0.229	0.47
15.5	0.229	0.47
15.5	0.229	0.469
15.5	0.228	0.469
15.5	0.228	0.469
15.5	0.228	0.469
15.5	0.228	0.469
15.5	0.228	0.468
15.5	0.228	0.468
15.5	0.228	0.468
15.5	0.228	0.467
15.5	0.227	0.467
15.5	0.227	0.467
15.5	0.227	0.467
15.5	0.227	0.467
15.5	0.227	0.466
15.5	0.227	0.466
15.6	0.227	0.466
15.6	0.227	0.466
15.6	0.227	0.465
15.6	0.226	0.465
15.6	0.226	0.465
15.6	0.226	0.465
15.6	0.226	0.465
15.6	0.226	0.465
15.6	0.226	0.465
15.6	0.226	0.464
15.6	0.227	0.465
15.6	0.226	0.465
15.6	0.226	0.465
15.6	0.226	0.465
15.6	0.226	0.465
15.7	0.226	0.464
15.7	0.226	0.464
15.7	0.226	0.465
15.7	0.226	0.464
15.7	0.226	0.464
15.7	0.226	0.464
15.7	0.227	0.466
15.7	0.227	0.465
15.7	0.226	0.464
15.8	0.226	0.464
15.8	0.226	0.463
15.8	0.225	0.463
15.8	0.225	0.462
15.7	0.225	0.462
15.8	0.225	0.462
15.8	0.225	0.462
15.8	0.224	0.461
15.8	0.224	0.461
15.8	0.224	0.46
15.9	0.224	0.459
15.9	0.223	0.458
16	0.222	0.457
16.1	0.222	0.456
16.1	0.222	0.456
16.1	0.222	0.456
16.2	0.221	0.455
16.2	0.221	0.455
16.2	0.221	0.455
16.2	0.221	0.455
16.2	0.22	0.452
16	0.22	0.451
15.5	0.224	0.46
15.4	0.225	0.462
15.7	0.223	0.458
16	0.222	0.455
16	0.221	0.454
16.2	0.22	0.452
16.5	0.217	0.446
17.4	0.212	0.436
18.4	0.206	0.426
19.5	0.201	0.415
20.7	0.196	0.405
22	0.191	0.395
23	0.187	0.389
23.7	0.185	0.384
25.1	0.181	0.377
26.7	0.177	0.368
28.2	0.173	0.361
29.5	0.17	0.354
30.6	0.166	0.346
31.4	0.163	0.338
31.7	0.161	0.335
31.8	0.16	0.332
31.9	0.159	0.33
31.8	0.158	0.326
30.4	0.159	0.329
28.4	0.164	0.338
26.7	0.169	0.349
25	0.174	0.36
23.6	0.18	0.372
22.2	0.186	0.384
21	0.192	0.396
19.9	0.197	0.407
19	0.203	0.418
18.3	0.208	0.428
18.2	0.212	0.435
19.1	0.211	0.435
20.2	0.21	0.432
21.3	0.207	0.429
22.5	0.205	0.425
23.9	0.202	0.419
25.3	0.199	0.414
26.9	0.197	0.409
28.6	0.194	0.403
30.4	0.19	0.397
32.3	0.187	0.391
34.4	0.184	0.385
36.7	0.18	0.378
39.2	0.177	0.371
41.8	0.174	0.365
44.7	0.17	0.358
47.7	0.167	0.351
50.9	0.163	0.345
54.2	0.16	0.339
57.7	0.157	0.333
61.3	0.155	0.327
64.9	0.152	0.322
68.6	0.149	0.317
72.1	0.146	0.311
75.6	0.144	0.306
79.2	0.142	0.302
82.8	0.14	0.298
86.6	0.138	0.294
90.3	0.136	0.29
94.1	0.135	0.287
98	0.133	0.284
102	0.132	0.281
106	0.131	0.279
109	0.13	0.277
113	0.13	0.277
116	0.13	0.278
117	0.132	0.283
119	0.136	0.291
119	0.141	0.302
119	0.148	0.317
119	0.156	0.335
118	0.167	0.358
118	0.179	0.384
118	0.191	0.41
119	0.204	0.439
121	0.216	0.465
123	0.229	0.492
126	0.24	0.517
130	0.248	0.535
134	0.256	0.551
139	0.261	0.565
145	0.264	0.569
152	0.266	0.576
158	0.268	0.581
165	0.269	0.584
172	0.268	0.583
179	0.269	0.586
186	0.27	0.59
191	0.272	0.596
196	0.272	0.597
198	0.277	0.611
201	0.283	0.628
203	0.293	0.656
206	0.301	0.681
209	0.31	0.712
212	0.318	0.738
214	0.326	0.761
217	0.336	0.795
220	0.344	0.825
222	0.353	0.856
225	0.362	0.887
228	0.37	0.919
230	0.379	0.952
233	0.389	0.992
235	0.398	1.03
238	0.406	1.06
240	0.416	1.1
242	0.425	1.14
245	0.434	1.18
247	0.444	1.22
249	0.452	1.26
251	0.459	1.3
252	0.468	1.34
254	0.478	1.39
256	0.485	1.43
257	0.494	1.47
258	0.503	1.52
260	0.511	1.57
261	0.521	1.62
262	0.528	1.66
263	0.538	1.72
263	0.546	1.76
264	0.554	1.81
265	0.561	1.84
265	0.568	1.89
265	0.576	1.92
266	0.583	1.96
266	0.589	1.99
266	0.612	2.09
266	0.614	2.1
266	0.616	2.11
265	0.618	2.12
265	0.621	2.12
265	0.624	2.13
264	0.627	2.14
264	0.632	2.15
263	0.636	2.16
259	0.643	2.18
253	0.651	2.19
247	0.659	2.2
241	0.666	2.22
235	0.675	2.24
231	0.683	2.26
227	0.689	2.28
223	0.696	2.3
220	0.703	2.33
218	0.709	2.35
217	0.715	2.38
215	0.72	2.4
214	0.723	2.42
213	0.728	2.44
212	0.731	2.46
211	0.733	2.47
211	0.736	2.49
211	0.738	2.5
212	0.74	2.52
212	0.742	2.53
213	0.744	2.55
215	0.746	2.57
217	0.747	2.59
219	0.748	2.62
221	0.75	2.64
224	0.751	2.67
227	0.752	2.7
229	0.753	2.73
233	0.754	2.76
236	0.756	2.8
239	0.757	2.83
243	0.758	2.87
246	0.759	2.91
249	0.76	2.94
253	0.761	2.98
256	0.762	3.02
259	0.763	3.06
262	0.764	3.1
266	0.765	3.14
268	0.766	3.18
271	0.767	3.21
274	0.768	3.25
276	0.769	3.29
279	0.77	3.32
281	0.77	3.35
283	0.771	3.38
285	0.772	3.41
287	0.772	3.44
288	0.773	3.46
290	0.774	3.49
291	0.774	3.51
292	0.775	3.53
293	0.775	3.55
294	0.776	3.57
295	0.777	3.59
297	0.777	3.61
298	0.778	3.63
299	0.778	3.65
300	0.779	3.67
301	0.779	3.69
300	0.779	3.68
300	0.779	3.68
300	0.779	3.69
300	0.779	3.68
300	0.779	3.68
300	0.779	3.68
300	0.779	3.67
300	0.779	3.67
300	0.779	3.67
299	0.779	3.67
299	0.779	3.67
299	0.779	3.67
299	0.779	3.67
299	0.779	3.67
299	0.779	3.67
299	0.779	3.67
299	0.779	3.67
299	0.779	3.67
299	0.779	3.67
299	0.779	3.67
299	0.779	3.67
299	0.779	3.67
299	0.779	3.67
299	0.779	3.67
299	0.779	3.67
300	0.779	3.68
300	0.779	3.68
300	0.779	3.69
301	0.779	3.7
303	0.78	3.73
305	0.78	3.76
308	0.78	3.8
311	0.779	3.85
313	0.779	3.89
314	0.778	3.89
