7.48	0.344	0.683
10.8	0.305	0.613
13.3	0.285	0.575
14.4	0.278	0.561
15.2	0.273	0.552
16	0.269	0.543
16.8	0.264	0.534
17.7	0.26	0.525
18.6	0.255	0.516
19.6	0.251	0.507
20.7	0.246	0.498
21.8	0.242	0.489
23.1	0.237	0.479
24.4	0.233	0.471
25.8	0.228	0.46
26.1	0.227	0.459
27.3	0.223	0.45
28.9	0.218	0.44
30.5	0.213	0.428
32.2	0.207	0.418
33.9	0.203	0.407
35.6	0.198	0.397
37.3	0.194	0.389
39	0.189	0.38
40.8	0.185	0.371
42.7	0.181	0.363
44.6	0.178	0.355
46.5	0.174	0.348
48.5	0.171	0.34
50.5	0.168	0.334
52.5	0.165	0.328
54.6	0.162	0.322
56.6	0.159	0.317
58.3	0.158	0.313
59.7	0.157	0.312
60.9	0.158	0.313
61.8	0.16	0.317
62.4	0.164	0.324
62.7	0.169	0.332
62.9	0.175	0.344
63	0.182	0.358
63.2	0.191	0.373
63.4	0.199	0.388
63.9	0.207	0.402
64.8	0.215	0.415
66.1	0.221	0.426
67.6	0.225	0.432
69.4	0.227	0.435
71.1	0.228	0.436
72.3	0.228	0.433
72.4	0.224	0.426
72.1	0.221	0.421
71.8	0.219	0.417
71.5	0.214	0.409
71.3	0.21	0.402
71.1	0.206	0.393
71	0.205	0.392
70.9	0.2	0.383
70.8	0.195	0.373
70.7	0.188	0.362
70.6	0.181	0.349
70.7	0.172	0.333
71	0.163	0.316
71.3	0.154	0.299
71.5	0.146	0.284
71.5	0.139	0.272
71.2	0.134	0.262
70.4	0.131	0.257
69.1	0.13	0.256
67.5	0.13	0.256
65.5	0.131	0.258
63.1	0.133	0.262
60.7	0.135	0.268
58.3	0.138	0.274
56	0.141	0.279
53.7	0.144	0.286
51.4	0.147	0.292
49.2	0.15	0.299
47.1	0.154	0.306
45.1	0.157	0.314
43.1	0.161	0.321
41.2	0.165	0.329
39.4	0.168	0.337
37.6	0.172	0.345
35.9	0.176	0.353
34.3	0.18	0.361
32.9	0.184	0.369
31.6	0.187	0.375
30.4	0.19	0.382
29.2	0.193	0.387
28.2	0.195	0.392
27.2	0.197	0.397
26.2	0.2	0.402
25.3	0.202	0.406
24.4	0.204	0.412
23.6	0.206	0.416
22.8	0.208	0.42
22.1	0.21	0.423
21.5	0.212	0.427
20.9	0.213	0.43
20.3	0.215	0.433
19.8	0.216	0.435
19.3	0.217	0.438
18.9	0.219	0.44
18.4	0.219	0.442
18	0.221	0.444
17.6	0.221	0.445
17.4	0.222	0.447
17.1	0.223	0.448
16.8	0.224	0.45
16.5	0.224	0.451
16.3	0.225	0.452
16.2	0.225	0.452
16.2	0.225	0.452
16.1	0.225	0.452
16	0.225	0.453
15.7	0.226	0.454
15.7	0.226	0.454
15.5	0.226	0.454
15.4	0.226	0.455
15.3	0.226	0.455
15.1	0.227	0.455
15.1	0.227	0.456
15	0.227	0.456
14.9	0.227	0.456
14.8	0.227	0.456
14.7	0.227	0.456
14.7	0.227	0.456
14.6	0.227	0.456
14.5	0.227	0.456
14.4	0.227	0.456
14.3	0.227	0.456
14.3	0.227	0.456
14.2	0.227	0.456
14.2	0.227	0.456
14.2	0.228	0.457
14.2	0.228	0.457
14.2	0.228	0.456
14.1	0.228	0.456
14.1	0.228	0.457
14.1	0.228	0.457
14.1	0.228	0.457
14.1	0.228	0.456
14	0.228	0.457
14	0.228	0.456
13.9	0.228	0.457
13.9	0.228	0.457
13.9	0.228	0.456
13.8	0.228	0.456
13.8	0.227	0.456
13.8	0.227	0.456
13.8	0.227	0.456
13.8	0.227	0.456
13.8	0.227	0.456
13.8	0.227	0.456
13.8	0.227	0.456
13.8	0.227	0.455
13.7	0.227	0.455
13.7	0.227	0.455
13.7	0.227	0.455
13.7	0.227	0.455
13.7	0.227	0.456
13.7	0.227	0.456
13.7	0.227	0.455
13.7	0.227	0.455
13.7	0.227	0.455
13.7	0.227	0.455
13.7	0.227	0.455
13.7	0.227	0.455
13.6	0.227	0.455
13.6	0.227	0.455
13.6	0.227	0.455
13.6	0.227	0.455
13.6	0.227	0.455
13.6	0.227	0.455
13.6	0.227	0.455
13.5	0.227	0.455
13.5	0.227	0.455
13.5	0.227	0.455
13.5	0.227	0.454
13.5	0.227	0.455
13.5	0.227	0.454
13.5	0.227	0.454
13.5	0.226	0.453
13.5	0.226	0.453
13.5	0.226	0.453
13.5	0.226	0.452
13.4	0.226	0.453
13.4	0.226	0.452
13.4	0.226	0.452
13.4	0.226	0.452
13.4	0.225	0.451
13.4	0.225	0.451
13.4	0.225	0.45
13.5	0.225	0.449
13.5	0.224	0.449
13.5	0.224	0.449
13.5	0.224	0.449
13.5	0.224	0.448
13.5	0.224	0.448
13.5	0.224	0.448
13.5	0.224	0.448
13.5	0.224	0.448
13.4	0.223	0.447
13.2	0.225	0.449
13.1	0.226	0.453
13	0.226	0.452
13	0.225	0.45
13	0.224	0.448
13	0.223	0.446
13	0.222	0.443
13.2	0.22	0.44
13.4	0.218	0.435
13.7	0.215	0.429
14.1	0.211	0.422
14.7	0.207	0.414
15.6	0.201	0.404
16.5	0.196	0.394
17.5	0.191	0.384
18.6	0.186	0.374
19.6	0.182	0.366
20	0.18	0.363
21.1	0.176	0.356
22.5	0.172	0.348
23.9	0.168	0.34
25.4	0.165	0.333
26.6	0.161	0.326
27.6	0.158	0.319
28.4	0.154	0.311
28.9	0.152	0.305
29.1	0.15	0.301
29.2	0.148	0.298
28.8	0.147	0.296
27	0.151	0.302
25.3	0.155	0.312
23.8	0.16	0.322
22.3	0.166	0.332
21	0.171	0.343
19.8	0.176	0.354
18.7	0.182	0.365
17.8	0.187	0.375
16.9	0.192	0.385
16.2	0.196	0.394
15.7	0.2	0.401
16	0.202	0.404
17	0.199	0.399
18.1	0.196	0.394
19.2	0.193	0.388
20.4	0.19	0.383
21.7	0.187	0.377
23.1	0.184	0.371
24.6	0.181	0.365
26.3	0.177	0.359
28	0.174	0.353
29.9	0.171	0.347
31.8	0.168	0.341
33.9	0.165	0.335
36	0.162	0.329
38.3	0.159	0.324
40.5	0.157	0.319
42.8	0.154	0.314
45.1	0.152	0.31
47.4	0.15	0.306
49.6	0.148	0.301
51.9	0.146	0.297
54.3	0.144	0.294
56.7	0.142	0.29
59.2	0.14	0.287
61.7	0.139	0.284
64.2	0.137	0.281
66.7	0.136	0.279
69.2	0.135	0.276
71.4	0.134	0.276
73.1	0.135	0.278
74.3	0.138	0.283
75.1	0.141	0.291
75.5	0.147	0.302
75.4	0.154	0.318
75.2	0.164	0.337
74.9	0.175	0.361
74.7	0.187	0.387
74.7	0.201	0.415
75.1	0.215	0.443
75.8	0.23	0.475
77.1	0.243	0.502
78.9	0.256	0.529
81.1	0.267	0.553
83.7	0.275	0.571
86.7	0.283	0.588
90	0.29	0.602
93.7	0.293	0.61
97.6	0.297	0.618
102	0.299	0.625
106	0.301	0.631
110	0.301	0.629
114	0.302	0.634
117	0.304	0.64
119	0.307	0.648
121	0.312	0.66
123	0.321	0.686
125	0.329	0.709
128	0.338	0.736
130	0.345	0.756
132	0.354	0.784
134	0.361	0.806
137	0.368	0.829
139	0.375	0.852
142	0.385	0.887
144	0.392	0.91
147	0.4	0.938
149	0.407	0.965
152	0.414	0.993
154	0.422	1.02
157	0.429	1.05
159	0.437	1.08
162	0.443	1.11
164	0.449	1.13
167	0.458	1.17
170	0.465	1.21
172	0.472	1.24
175	0.48	1.28
177	0.487	1.32
180	0.492	1.34
182	0.499	1.38
185	0.506	1.42
187	0.51	1.44
190	0.516	1.47
192	0.523	1.52
194	0.519	1.5
196	0.527	1.54
199	0.534	1.59
201	0.541	1.63
203	0.548	1.68
205	0.555	1.72
207	0.561	1.77
209	0.577	1.87
210	0.584	1.92
212	0.59	1.97
214	0.597	2.01
215	0.622	2.15
217	0.623	2.17
218	0.624	2.18
220	0.625	2.2
221	0.627	2.22
222	0.629	2.23
223	0.631	2.25
224	0.633	2.26
225	0.636	2.28
225	0.639	2.3
224	0.644	2.31
222	0.648	2.33
220	0.653	2.35
218	0.656	2.36
217	0.659	2.38
217	0.664	2.4
216	0.667	2.42
215	0.67	2.44
215	0.674	2.46
215	0.676	2.48
215	0.679	2.5
215	0.683	2.52
215	0.685	2.54
215	0.687	2.56
215	0.69	2.58
216	0.692	2.6
216	0.694	2.62
216	0.696	2.64
217	0.698	2.65
217	0.7	2.67
217	0.701	2.69
218	0.703	2.7
218	0.704	2.72
219	0.706	2.74
219	0.707	2.76
220	0.708	2.78
221	0.71	2.79
222	0.711	2.81
222	0.712	2.83
223	0.713	2.85
224	0.714	2.87
225	0.715	2.88
225	0.716	2.9
226	0.717	2.92
227	0.718	2.93
227	0.719	2.95
228	0.72	2.96
229	0.721	2.98
230	0.722	3
230	0.723	3.01
231	0.723	3.03
232	0.724	3.05
232	0.725	3.06
233	0.726	3.07
234	0.726	3.09
234	0.727	3.1
235	0.728	3.12
236	0.729	3.14
236	0.729	3.15
237	0.73	3.17
238	0.731	3.19
239	0.731	3.21
240	0.732	3.22
241	0.732	3.24
241	0.733	3.26
242	0.734	3.28
243	0.734	3.3
244	0.735	3.32
245	0.735	3.33
246	0.736	3.35
247	0.737	3.37
248	0.737	3.4
249	0.738	3.42
250	0.738	3.43
250	0.739	3.45
251	0.739	3.47
252	0.74	3.49
253	0.74	3.52
254	0.741	3.54
255	0.741	3.56
256	0.742	3.58
258	0.742	3.61
259	0.743	3.64
260	0.743	3.66
261	0.744	3.69
262	0.744	3.71
263	0.744	3.74
264	0.745	3.76
265	0.745	3.79
267	0.746	3.82
268	0.746	3.85
269	0.746	3.88
270	0.747	3.91
271	0.747	3.94
273	0.748	3.97
274	0.748	4
275	0.749	4.04
276	0.749	4.07
278	0.749	4.09
279	0.75	4.13
280	0.75	4.17
282	0.75	4.21
283	0.75	4.24
285	0.751	4.29
286	0.751	4.33
288	0.752	4.37
289	0.752	4.41
291	0.752	4.46
292	0.753	4.51
294	0.753	4.55
295	0.753	4.6
297	0.754	4.66
299	0.754	4.71
300	0.754	4.76
302	0.754	4.81
303	0.754	4.87
305	0.755	4.93
307	0.755	4.99
309	0.755	5.06
310	0.755	5.12
312	0.756	5.19
314	0.756	5.26
316	0.756	5.33
318	0.756	5.41
320	0.756	5.48
322	0.756	5.56
323	0.756	5.63
325	0.756	5.7
327	0.756	5.77
328	0.756	5.84
330	0.756	5.9
331	0.756	5.96
332	0.755	6.02
333	0.755	6.06
334	0.755	6.11
335	0.754	6.15
336	0.754	6.18
337	0.753	6.21
337	0.753	6.23
338	0.752	6.24
338	0.751	6.25
339	0.75	6.25
339	0.749	6.24
