3.97	0.487	0.799
4.01	0.485	0.797
4.05	0.483	0.794
4.08	0.48	0.791
4.05	0.475	0.794
3.98	0.473	0.792
3.94	0.472	0.791
3.91	0.472	0.79
3.88	0.471	0.789
3.84	0.474	0.794
3.82	0.473	0.793
3.79	0.474	0.793
3.76	0.473	0.792
3.74	0.472	0.792
3.73	0.47	0.791
3.73	0.47	0.803
3.74	0.47	0.806
3.75	0.47	0.808
3.75	0.471	0.787
3.76	0.471	0.797
3.77	0.473	0.808
3.79	0.471	0.819
3.8	0.473	0.826
3.82	0.473	0.827
3.85	0.473	0.827
3.89	0.471	0.826
3.93	0.469	0.824
3.98	0.467	0.821
4.02	0.465	0.818
4.07	0.463	0.815
4.11	0.46	0.812
4.16	0.458	0.809
4.21	0.456	0.805
4.26	0.454	0.802
4.3	0.451	0.8
4.35	0.45	0.797
4.4	0.448	0.794
4.45	0.446	0.792
4.5	0.444	0.79
4.55	0.443	0.788
4.59	0.441	0.786
4.64	0.439	0.784
4.65	0.439	0.783
4.69	0.438	0.782
4.74	0.436	0.78
4.79	0.435	0.778
4.85	0.434	0.776
4.9	0.432	0.775
4.95	0.431	0.773
5	0.43	0.772
5.06	0.428	0.77
5.11	0.427	0.768
5.17	0.426	0.767
5.22	0.425	0.766
5.28	0.424	0.764
5.33	0.414	0.801
5.39	0.412	0.799
5.45	0.411	0.798
5.51	0.408	0.8
5.56	0.407	0.798
5.62	0.405	0.796
5.68	0.402	0.795
5.75	0.401	0.793
5.81	0.399	0.791
5.87	0.398	0.789
5.93	0.396	0.787
6	0.395	0.785
6.06	0.394	0.783
6.13	0.392	0.781
6.19	0.391	0.779
6.26	0.39	0.777
6.33	0.388	0.776
6.4	0.387	0.774
6.47	0.386	0.772
6.54	0.385	0.77
6.61	0.384	0.769
6.68	0.382	0.767
6.76	0.381	0.765
6.83	0.38	0.763
6.91	0.376	0.758
6.98	0.374	0.756
7.06	0.373	0.754
7.14	0.372	0.752
7.22	0.37	0.75
7.3	0.369	0.748
7.38	0.367	0.746
7.46	0.366	0.744
7.55	0.365	0.741
7.63	0.364	0.739
7.72	0.362	0.737
7.81	0.361	0.735
7.89	0.36	0.733
7.98	0.358	0.73
8.08	0.358	0.729
8.17	0.356	0.727
8.26	0.355	0.725
8.36	0.354	0.723
8.45	0.353	0.721
8.55	0.351	0.719
8.65	0.35	0.716
8.75	0.349	0.714
8.86	0.348	0.712
8.96	0.346	0.71
9.07	0.345	0.708
9.17	0.344	0.705
9.28	0.343	0.703
9.39	0.341	0.701
9.51	0.34	0.699
9.62	0.339	0.697
9.74	0.338	0.695
9.86	0.336	0.692
9.98	0.335	0.69
10.1	0.334	0.688
10.2	0.333	0.685
10.4	0.331	0.683
10.5	0.33	0.681
10.6	0.329	0.679
10.8	0.328	0.676
10.9	0.326	0.673
11.1	0.325	0.67
11.2	0.323	0.667
11.4	0.321	0.663
11.5	0.319	0.659
11.7	0.317	0.655
11.9	0.315	0.651
12	0.313	0.646
12.2	0.31	0.641
12.4	0.308	0.636
12.6	0.306	0.631
12.8	0.303	0.625
12.9	0.3	0.62
13.1	0.298	0.615
13.3	0.295	0.609
13.4	0.293	0.605
13.6	0.291	0.6
13.7	0.289	0.596
13.6	0.289	0.596
13.6	0.291	0.6
13.5	0.29	0.598
13.4	0.29	0.598
13.3	0.29	0.598
13.2	0.291	0.599
13.1	0.291	0.6
13	0.292	0.6
12.9	0.292	0.601
12.8	0.292	0.601
12.7	0.292	0.601
12.6	0.293	0.602
12.5	0.293	0.603
12.4	0.293	0.603
12.3	0.293	0.603
12.3	0.293	0.603
12.2	0.294	0.604
12.1	0.294	0.604
12	0.294	0.604
11.9	0.294	0.604
11.8	0.294	0.605
11.8	0.295	0.606
11.7	0.294	0.605
11.6	0.294	0.605
11.5	0.294	0.605
11.4	0.294	0.605
11.4	0.295	0.605
11.3	0.294	0.604
11.3	0.294	0.604
11.3	0.294	0.604
11.3	0.294	0.604
11.3	0.294	0.604
11.2	0.294	0.604
11.1	0.294	0.604
11.1	0.295	0.604
11	0.295	0.604
10.9	0.294	0.604
10.8	0.295	0.604
10.8	0.295	0.604
10.7	0.295	0.604
10.6	0.295	0.603
10.6	0.294	0.602
10.5	0.294	0.603
10.4	0.294	0.603
10.4	0.294	0.602
10.3	0.294	0.601
10.2	0.294	0.6
10.2	0.293	0.6
10.1	0.293	0.6
10.1	0.294	0.6
10	0.293	0.599
9.94	0.293	0.598
9.89	0.293	0.597
9.83	0.293	0.597
9.77	0.292	0.596
9.73	0.292	0.595
9.69	0.292	0.595
9.65	0.292	0.594
9.61	0.291	0.594
9.59	0.291	0.593
9.57	0.291	0.592
9.53	0.291	0.592
9.5	0.291	0.591
9.49	0.29	0.591
9.47	0.291	0.591
9.46	0.29	0.59
9.45	0.29	0.59
9.44	0.29	0.59
9.42	0.29	0.59
9.4	0.29	0.589
9.38	0.289	0.588
9.37	0.289	0.588
9.36	0.289	0.588
9.35	0.289	0.587
9.34	0.289	0.587
9.34	0.289	0.586
9.33	0.289	0.587
9.33	0.289	0.587
9.33	0.289	0.586
9.32	0.289	0.586
9.32	0.288	0.586
9.32	0.288	0.586
9.31	0.288	0.586
9.3	0.288	0.586
9.3	0.288	0.585
9.29	0.288	0.585
9.29	0.288	0.584
9.29	0.288	0.584
9.29	0.287	0.584
9.28	0.288	0.584
9.28	0.287	0.584
9.28	0.287	0.584
9.27	0.288	0.585
9.26	0.288	0.585
9.26	0.288	0.584
9.26	0.288	0.584
9.25	0.288	0.584
9.25	0.288	0.584
9.25	0.288	0.584
9.24	0.288	0.583
9.24	0.287	0.583
9.23	0.287	0.583
9.23	0.287	0.583
9.23	0.287	0.582
9.23	0.287	0.582
9.23	0.287	0.582
9.23	0.287	0.582
9.23	0.287	0.582
9.23	0.287	0.582
9.22	0.287	0.581
9.22	0.287	0.582
9.22	0.287	0.582
9.22	0.287	0.582
9.22	0.287	0.581
9.22	0.287	0.581
9.22	0.286	0.581
9.21	0.286	0.581
9.21	0.286	0.581
9.21	0.286	0.581
9.21	0.286	0.58
9.21	0.286	0.58
9.21	0.286	0.58
9.2	0.286	0.58
9.2	0.286	0.58
9.2	0.286	0.58
9.2	0.286	0.58
9.2	0.286	0.58
9.2	0.286	0.579
9.2	0.286	0.579
9.2	0.286	0.579
9.2	0.286	0.579
9.2	0.285	0.579
9.2	0.285	0.579
9.19	0.285	0.579
9.19	0.285	0.579
9.19	0.285	0.579
9.19	0.285	0.579
9.19	0.285	0.579
9.19	0.285	0.579
9.19	0.285	0.579
9.19	0.285	0.578
9.19	0.285	0.578
9.19	0.285	0.578
9.19	0.285	0.578
9.19	0.285	0.578
9.19	0.285	0.578
9.19	0.285	0.578
9.19	0.285	0.577
9.19	0.285	0.577
9.19	0.285	0.577
9.19	0.285	0.577
9.18	0.284	0.576
9.18	0.284	0.576
9.18	0.284	0.576
9.19	0.284	0.576
9.19	0.284	0.575
9.19	0.284	0.575
9.19	0.283	0.574
9.19	0.283	0.574
9.19	0.283	0.574
9.19	0.283	0.574
9.19	0.283	0.574
9.19	0.283	0.574
9.19	0.283	0.573
9.19	0.283	0.573
9.19	0.283	0.574
9.19	0.283	0.573
9.19	0.283	0.573
9.19	0.283	0.573
9.19	0.283	0.573
9.2	0.283	0.573
9.2	0.283	0.572
9.2	0.282	0.572
9.2	0.282	0.572
9.2	0.282	0.572
9.2	0.282	0.571
9.2	0.282	0.571
9.2	0.282	0.571
9.2	0.282	0.571
9.2	0.282	0.571
9.2	0.282	0.571
9.21	0.282	0.571
9.22	0.281	0.57
9.22	0.281	0.57
9.22	0.281	0.57
9.22	0.281	0.569
9.22	0.281	0.569
9.22	0.281	0.568
9.15	0.281	0.569
9.09	0.282	0.571
9.1	0.281	0.569
9.15	0.28	0.566
9.21	0.283	0.568
9.27	0.28	0.565
9.36	0.278	0.561
9.45	0.276	0.557
9.54	0.274	0.554
9.65	0.272	0.551
9.76	0.27	0.547
9.87	0.268	0.544
9.99	0.266	0.541
10.1	0.264	0.538
10.2	0.263	0.535
10.4	0.261	0.532
10.5	0.259	0.529
10.6	0.258	0.527
10.8	0.257	0.524
10.9	0.255	0.522
11.1	0.254	0.519
11.2	0.252	0.517
11.4	0.251	0.514
11.5	0.25	0.512
11.7	0.248	0.51
11.8	0.247	0.507
12	0.246	0.506
12	0.246	0.505
12.2	0.245	0.503
12.3	0.244	0.502
12.5	0.243	0.5
12.7	0.242	0.499
12.8	0.241	0.497
13	0.24	0.496
13.2	0.24	0.495
13.3	0.239	0.493
13.5	0.238	0.492
13.7	0.237	0.49
13.8	0.236	0.489
14	0.235	0.487
14.2	0.234	0.484
14.4	0.232	0.479
14.4	0.23	0.475
14.5	0.229	0.473
14.6	0.228	0.47
14.6	0.225	0.463
14.5	0.223	0.459
14.3	0.224	0.46
14.1	0.225	0.462
13.8	0.227	0.466
13.6	0.229	0.469
13.4	0.231	0.473
13.2	0.233	0.476
13	0.235	0.48
12.8	0.237	0.484
12.6	0.238	0.488
12.4	0.24	0.492
12.2	0.242	0.495
12	0.244	0.499
11.9	0.246	0.503
11.7	0.248	0.506
11.6	0.25	0.51
11.5	0.252	0.514
11.4	0.254	0.517
11.3	0.255	0.52
11.4	0.257	0.523
11.4	0.257	0.524
11.5	0.258	0.525
11.6	0.258	0.525
11.8	0.258	0.525
11.9	0.258	0.525
12	0.257	0.525
12.2	0.257	0.525
12.3	0.257	0.525
12.5	0.257	0.524
12.6	0.256	0.524
12.8	0.256	0.524
13	0.256	0.523
13.1	0.255	0.522
13.3	0.255	0.522
13.5	0.254	0.521
13.7	0.254	0.52
13.9	0.253	0.519
14.1	0.253	0.519
14.3	0.252	0.518
14.5	0.251	0.517
14.7	0.251	0.516
14.9	0.25	0.515
15.1	0.25	0.514
15.3	0.249	0.513
15.6	0.248	0.512
15.8	0.248	0.511
16	0.247	0.51
16.3	0.246	0.509
16.5	0.246	0.507
16.8	0.245	0.506
17	0.244	0.505
17.3	0.244	0.504
17.6	0.243	0.502
17.8	0.242	0.501
18.1	0.241	0.5
18.4	0.241	0.498
18.7	0.24	0.497
19	0.239	0.495
19.3	0.238	0.494
19.6	0.237	0.493
19.9	0.236	0.491
20.3	0.235	0.489
20.6	0.235	0.488
20.9	0.234	0.486
21.3	0.233	0.484
21.6	0.232	0.483
22	0.231	0.481
22.4	0.23	0.48
22.7	0.229	0.478
23.1	0.228	0.476
23.5	0.227	0.474
23.9	0.226	0.473
24.3	0.225	0.471
24.8	0.224	0.469
25.2	0.223	0.467
25.6	0.222	0.466
26.1	0.221	0.464
26.5	0.22	0.461
27	0.219	0.46
27.5	0.218	0.458
27.9	0.217	0.456
28.4	0.216	0.454
28.9	0.215	0.452
29.5	0.214	0.45
30	0.213	0.448
30.5	0.212	0.446
31.1	0.211	0.443
31.6	0.21	0.441
32.2	0.209	0.439
32.8	0.207	0.437
33.4	0.206	0.435
34	0.205	0.433
34.7	0.204	0.431
35.3	0.203	0.428
36	0.202	0.426
36.6	0.2	0.424
37.3	0.199	0.421
38	0.198	0.419
38.7	0.197	0.417
39.5	0.196	0.415
40.2	0.195	0.412
41	0.194	0.41
41.7	0.193	0.408
42.5	0.191	0.406
43.3	0.19	0.404
44.1	0.189	0.401
45	0.188	0.399
45.8	0.187	0.396
46.7	0.185	0.394
47.6	0.184	0.392
48.5	0.183	0.39
49.4	0.182	0.387
50.4	0.181	0.385
51.3	0.18	0.383
52.3	0.179	0.381
53.3	0.177	0.378
54.3	0.176	0.376
55.3	0.175	0.373
56.3	0.174	0.371
57.3	0.173	0.369
58.4	0.172	0.367
59.4	0.171	0.366
60.5	0.17	0.364
61.6	0.169	0.362
62.7	0.168	0.36
63.8	0.167	0.357
64.9	0.166	0.355
66	0.165	0.353
67.1	0.164	0.351
68.3	0.163	0.35
69.4	0.163	0.348
70.5	0.162	0.346
71.6	0.161	0.345
72.8	0.16	0.343
73.9	0.159	0.341
75	0.158	0.34
76.1	0.158	0.338
77.1	0.157	0.337
78.2	0.156	0.335
79.3	0.156	0.334
80.4	0.155	0.332
81.5	0.154	0.33
82.6	0.153	0.329
83.7	0.152	0.327
84.9	0.152	0.326
86	0.151	0.325
87.2	0.15	0.323
88.3	0.15	0.322
89.5	0.149	0.321
90.6	0.149	0.32
91.8	0.148	0.318
92.9	0.147	0.317
94.1	0.147	0.316
95.3	0.146	0.315
96.5	0.146	0.314
97.7	0.145	0.312
98.8	0.144	0.311
100	0.144	0.31
101	0.143	0.309
102	0.143	0.308
104	0.142	0.307
105	0.142	0.306
106	0.141	0.305
107	0.141	0.304
108	0.141	0.303
110	0.14	0.302
111	0.14	0.302
112	0.139	0.301
113	0.139	0.3
115	0.139	0.299
116	0.138	0.299
117	0.138	0.298
118	0.138	0.298
120	0.137	0.297
121	0.137	0.297
122	0.137	0.297
123	0.137	0.297
124	0.137	0.297
125	0.137	0.297
126	0.137	0.298
127	0.138	0.299
127	0.138	0.3
128	0.139	0.301
129	0.14	0.303
129	0.141	0.305
129	0.142	0.307
130	0.143	0.31
130	0.144	0.313
131	0.146	0.316
131	0.147	0.319
131	0.149	0.323
131	0.151	0.327
131	0.153	0.332
131	0.155	0.338
131	0.158	0.344
131	0.16	0.349
131	0.163	0.355
131	0.166	0.362
131	0.169	0.368
131	0.171	0.373
131	0.174	0.38
131	0.177	0.387
132	0.181	0.394
132	0.184	0.402
132	0.187	0.409
132	0.191	0.417
132	0.194	0.425
132	0.198	0.433
132	0.201	0.441
133	0.205	0.45
133	0.209	0.458
133	0.213	0.467
134	0.216	0.475
134	0.22	0.484
135	0.224	0.492
135	0.227	0.501
136	0.231	0.509
137	0.235	0.517
138	0.238	0.525
138	0.241	0.533
139	0.244	0.54
140	0.247	0.547
141	0.251	0.555
142	0.254	0.562
143	0.256	0.568
145	0.259	0.575
146	0.262	0.581
147	0.264	0.587
148	0.267	0.593
150	0.269	0.599
151	0.271	0.604
153	0.273	0.609
155	0.275	0.614
156	0.277	0.619
158	0.279	0.623
160	0.28	0.627
162	0.282	0.631
163	0.283	0.635
165	0.284	0.639
167	0.268	0.589
169	0.287	0.645
171	0.288	0.648
173	0.268	0.587
175	0.268	0.588
177	0.269	0.589
179	0.269	0.59
181	0.27	0.592
182	0.27	0.593
184	0.27	0.594
186	0.27	0.592
188	0.27	0.593
190	0.27	0.594
191	0.271	0.596
193	0.271	0.597
195	0.272	0.599
197	0.273	0.601
198	0.273	0.604
200	0.273	0.602
201	0.274	0.605
203	0.275	0.609
204	0.277	0.613
205	0.278	0.618
206	0.278	0.618
206	0.281	0.624
207	0.283	0.63
208	0.285	0.637
208	0.286	0.639
209	0.288	0.647
210	0.291	0.654
210	0.293	0.662
211	0.295	0.667
212	0.298	0.676
212	0.3	0.682
213	0.303	0.691
214	0.306	0.701
215	0.308	0.705
215	0.311	0.714
216	0.314	0.724
217	0.316	0.728
218	0.315	0.727
218	0.318	0.737
219	0.321	0.746
220	0.321	0.745
220	0.324	0.754
221	0.327	0.764
222	0.33	0.774
223	0.334	0.785
223	0.335	0.789
224	0.338	0.8
225	0.341	0.81
225	0.343	0.814
226	0.346	0.825
227	0.349	0.836
227	0.351	0.84
228	0.354	0.851
229	0.357	0.862
229	0.355	0.853
230	0.355	0.851
231	0.358	0.861
231	0.361	0.872
232	0.364	0.884
233	0.355	0.848
233	0.358	0.859
234	0.362	0.87
235	0.365	0.881
235	0.368	0.892
236	0.371	0.904
237	0.374	0.915
237	0.377	0.927
238	0.38	0.939
238	0.383	0.95
239	0.386	0.963
239	0.389	0.974
240	0.393	0.987
241	0.396	0.999
241	0.399	1.01
242	0.402	1.02
242	0.405	1.04
243	0.408	1.05
243	0.411	1.06
244	0.414	1.07
244	0.417	1.09
245	0.42	1.1
245	0.423	1.11
246	0.426	1.13
246	0.429	1.14
247	0.432	1.15
247	0.435	1.16
247	0.438	1.18
248	0.441	1.19
248	0.444	1.2
249	0.447	1.22
249	0.45	1.23
249	0.453	1.24
250	0.456	1.26
250	0.459	1.27
250	0.462	1.29
251	0.465	1.3
251	0.468	1.31
251	0.471	1.33
252	0.474	1.34
252	0.476	1.35
252	0.479	1.37
253	0.482	1.38
253	0.485	1.39
253	0.487	1.41
254	0.49	1.42
254	0.493	1.43
254	0.495	1.45
254	0.498	1.46
255	0.501	1.47
255	0.503	1.49
255	0.506	1.5
255	0.509	1.51
255	0.511	1.53
256	0.514	1.54
256	0.516	1.55
256	0.519	1.57
256	0.521	1.58
256	0.524	1.59
257	0.526	1.6
257	0.528	1.62
257	0.531	1.63
257	0.533	1.64
257	0.536	1.65
257	0.538	1.67
257	0.54	1.68
258	0.543	1.69
258	0.545	1.7
258	0.557	1.78
258	0.56	1.79
258	0.562	1.81
258	0.565	1.82
258	0.568	1.84
258	0.571	1.85
258	0.574	1.87
259	0.577	1.88
259	0.579	1.89
259	0.581	1.91
259	0.583	1.92
259	0.585	1.93
259	0.615	2.07
259	0.616	2.07
259	0.616	2.07
259	0.616	2.07
259	0.617	2.07
259	0.617	2.08
259	0.618	2.08
259	0.618	2.08
260	0.619	2.08
260	0.619	2.09
260	0.62	2.09
260	0.62	2.09
260	0.621	2.1
260	0.622	2.1
260	0.622	2.1
260	0.623	2.1
260	0.624	2.11
260	0.625	2.11
260	0.626	2.11
260	0.627	2.12
260	0.628	2.12
260	0.628	2.12
260	0.629	2.13
260	0.63	2.13
260	0.631	2.13
260	0.633	2.14
260	0.634	2.14
260	0.635	2.15
260	0.636	2.15
260	0.638	2.16
260	0.639	2.16
260	0.641	2.17
260	0.642	2.17
259	0.644	2.17
259	0.645	2.18
258	0.647	2.18
256	0.649	2.18
255	0.651	2.18
253	0.653	2.19
251	0.655	2.19
249	0.658	2.2
247	0.659	2.2
245	0.661	2.2
244	0.664	2.21
241	0.666	2.21
240	0.669	2.22
238	0.67	2.22
236	0.673	2.22
235	0.678	2.24
234	0.682	2.24
231	0.682	2.24
230	0.682	2.25
228	0.686	2.26
227	0.682	2.23
225	0.695	2.27
224	0.693	2.27
223	0.695	2.28
222	0.697	2.29
221	0.701	2.3
220	0.699	2.3
218	0.703	2.31
218	0.703	2.31
217	0.707	2.32
216	0.707	2.33
215	0.71	2.34
214	0.712	2.34
213	0.713	2.35
213	0.715	2.36
212	0.716	2.36
211	0.72	2.37
211	0.724	2.38
211	0.724	2.38
211	0.722	2.38
210	0.727	2.4
210	0.729	2.4
209	0.726	2.4
209	0.731	2.42
208	0.733	2.42
208	0.734	2.43
208	0.732	2.43
208	0.732	2.44
209	0.733	2.45
209	0.734	2.46
210	0.735	2.46
210	0.735	2.47
210	0.737	2.48
210	0.737	2.48
210	0.738	2.49
211	0.738	2.49
211	0.739	2.5
211	0.74	2.5
211	0.741	2.5
211	0.741	2.5
211	0.74	2.5
210	0.741	2.5
210	0.742	2.5
210	0.742	2.5
210	0.742	2.5
210	0.743	2.51
210	0.742	2.5
210	0.743	2.51
210	0.743	2.51
210	0.743	2.51
210	0.744	2.51
210	0.729	2.43
210	0.732	2.45
210	0.745	2.51
210	0.745	2.51
210	0.736	2.47
210	0.733	2.46
210	0.739	2.49
210	0.745	2.51
209	0.743	2.51
209	0.745	2.51
209	0.746	2.52
209	0.745	2.52
209	0.746	2.52
209	0.74	2.49
209	0.745	2.52
208	0.743	2.51
208	0.745	2.52
209	0.745	2.53
209	0.746	2.53
211	0.746	2.55
212	0.746	2.56
213	0.747	2.57
214	0.747	2.58
215	0.748	2.59
216	0.748	2.59
217	0.748	2.6
218	0.749	2.61
219	0.749	2.62
220	0.749	2.63
221	0.75	2.64
222	0.75	2.65
223	0.75	2.66
224	0.751	2.67
225	0.751	2.68
226	0.752	2.69
227	0.752	2.7
228	0.752	2.71
229	0.753	2.72
230	0.753	2.73
231	0.754	2.74
232	0.754	2.75
232	0.754	2.76
234	0.755	2.77
234	0.755	2.78
236	0.755	2.79
237	0.756	2.8
238	0.756	2.81
239	0.756	2.82
240	0.757	2.83
241	0.757	2.84
241	0.757	2.86
243	0.758	2.87
244	0.758	2.88
245	0.758	2.89
246	0.759	2.9
247	0.759	2.91
248	0.759	2.92
249	0.759	2.93
250	0.76	2.95
251	0.76	2.96
252	0.76	2.97
253	0.761	2.98
254	0.761	2.99
255	0.761	3
256	0.761	3.01
257	0.762	3.03
258	0.762	3.04
259	0.762	3.05
260	0.763	3.07
261	0.763	3.08
262	0.763	3.09
263	0.763	3.11
264	0.764	3.12
266	0.764	3.14
267	0.764	3.15
268	0.765	3.17
269	0.765	3.18
271	0.765	3.2
272	0.765	3.21
273	0.766	3.23
275	0.766	3.25
276	0.766	3.27
278	0.767	3.29
279	0.767	3.31
281	0.767	3.33
283	0.767	3.35
285	0.768	3.38
286	0.768	3.4
288	0.768	3.42
289	0.768	3.44
290	0.768	3.45
291	0.768	3.47
292	0.768	3.48
293	0.768	3.49
294	0.768	3.5
294	0.767	3.5
294	0.767	3.5
295	0.767	3.5
295	0.767	3.5
295	0.766	3.5
294	0.766	3.5
