4.7	0.481	0.788
4.79	0.476	0.783
4.85	0.471	0.778
4.61	0.467	0.788
4.47	0.464	0.786
4.44	0.458	0.784
4.6	0.455	0.833
4.76	0.451	0.843
4.88	0.448	0.84
4.99	0.444	0.836
5.1	0.44	0.831
5.22	0.436	0.825
5.34	0.433	0.82
5.37	0.431	0.819
5.46	0.429	0.815
5.58	0.426	0.81
5.7	0.422	0.806
5.83	0.419	0.802
5.97	0.416	0.798
6.1	0.413	0.794
6.24	0.41	0.79
6.38	0.408	0.787
6.53	0.405	0.783
6.67	0.403	0.78
6.83	0.4	0.777
6.98	0.398	0.774
7.14	0.395	0.771
7.31	0.393	0.768
7.48	0.391	0.765
7.65	0.389	0.763
7.83	0.387	0.76
8.01	0.385	0.757
8.2	0.383	0.755
8.39	0.381	0.752
8.59	0.379	0.75
8.8	0.377	0.747
9	0.353	0.736
9.22	0.351	0.733
9.44	0.348	0.728
9.67	0.345	0.724
9.9	0.343	0.72
10.1	0.34	0.716
10.4	0.338	0.711
10.6	0.335	0.707
10.9	0.333	0.702
11.2	0.33	0.698
11.4	0.328	0.694
11.6	0.326	0.691
11.7	0.325	0.688
11.9	0.323	0.684
12.1	0.321	0.681
12.5	0.317	0.673
12.8	0.313	0.663
13.2	0.308	0.653
13.6	0.303	0.643
14	0.298	0.632
14.4	0.294	0.622
14.7	0.289	0.611
15	0.285	0.602
15	0.283	0.599
15	0.282	0.596
14.8	0.283	0.598
14.6	0.283	0.599
14.4	0.286	0.604
14.2	0.285	0.603
13.9	0.285	0.603
13.7	0.286	0.605
13.5	0.288	0.609
13.3	0.289	0.61
13.1	0.289	0.611
13	0.29	0.612
12.8	0.291	0.614
12.6	0.291	0.614
12.4	0.291	0.615
12.3	0.292	0.616
12.1	0.293	0.618
12	0.293	0.617
11.8	0.292	0.617
11.7	0.307	0.638
11.5	0.306	0.637
11.4	0.305	0.636
11.2	0.304	0.634
11.1	0.303	0.633
11	0.302	0.632
10.9	0.301	0.63
10.7	0.3	0.628
10.6	0.299	0.626
10.5	0.297	0.624
10.4	0.296	0.622
10.4	0.294	0.619
10.3	0.294	0.617
10.3	0.294	0.617
10.3	0.293	0.616
10.2	0.293	0.615
10.2	0.293	0.613
10.2	0.292	0.612
10.2	0.292	0.611
10.2	0.291	0.609
10.3	0.29	0.607
10.3	0.29	0.606
10.3	0.29	0.606
10.3	0.289	0.605
10.3	0.289	0.605
10.3	0.289	0.605
10.3	0.289	0.605
10.3	0.289	0.605
10.3	0.289	0.604
10.3	0.289	0.604
10.3	0.289	0.603
10.3	0.289	0.603
10.4	0.288	0.602
10.4	0.288	0.601
10.4	0.287	0.601
10.4	0.287	0.6
10.4	0.287	0.599
10.4	0.287	0.598
10.4	0.286	0.597
10.5	0.286	0.597
10.5	0.285	0.596
10.5	0.285	0.596
10.5	0.285	0.595
10.5	0.285	0.594
10.5	0.285	0.594
10.5	0.284	0.593
10.5	0.284	0.593
10.5	0.284	0.593
10.5	0.284	0.592
10.5	0.284	0.593
10.5	0.284	0.592
10.5	0.284	0.592
10.5	0.284	0.592
10.5	0.284	0.592
10.5	0.284	0.592
10.5	0.284	0.592
10.6	0.283	0.591
10.6	0.284	0.592
10.6	0.283	0.591
10.6	0.283	0.591
10.6	0.283	0.591
10.6	0.283	0.59
10.6	0.283	0.59
10.6	0.282	0.589
10.6	0.282	0.589
10.6	0.282	0.589
10.6	0.282	0.589
10.6	0.282	0.589
10.6	0.282	0.588
10.6	0.282	0.588
10.6	0.282	0.588
10.6	0.282	0.587
10.6	0.282	0.587
10.6	0.281	0.587
10.6	0.281	0.587
10.6	0.281	0.586
10.6	0.281	0.586
10.6	0.281	0.586
10.6	0.281	0.586
10.7	0.281	0.586
10.7	0.28	0.585
10.7	0.28	0.584
10.7	0.28	0.584
10.7	0.28	0.583
10.7	0.28	0.583
10.7	0.28	0.583
10.7	0.28	0.583
10.7	0.279	0.583
10.7	0.279	0.582
10.7	0.279	0.582
10.7	0.279	0.582
10.7	0.279	0.581
10.7	0.279	0.581
10.7	0.279	0.581
10.7	0.278	0.581
10.7	0.279	0.581
10.8	0.278	0.58
10.8	0.278	0.58
10.8	0.278	0.58
10.8	0.278	0.579
10.8	0.278	0.579
10.8	0.278	0.579
10.8	0.278	0.579
10.8	0.278	0.579
10.8	0.277	0.578
10.8	0.278	0.579
10.8	0.277	0.578
10.8	0.277	0.578
10.8	0.277	0.578
10.8	0.277	0.578
10.8	0.277	0.578
10.8	0.277	0.578
10.8	0.277	0.577
10.8	0.277	0.577
10.8	0.277	0.576
10.8	0.276	0.576
10.8	0.276	0.576
10.8	0.276	0.575
10.9	0.276	0.575
10.9	0.276	0.575
10.9	0.276	0.574
10.9	0.276	0.574
10.9	0.275	0.574
10.9	0.275	0.574
10.9	0.275	0.574
10.9	0.275	0.573
10.9	0.275	0.572
10.9	0.274	0.572
10.9	0.274	0.572
10.9	0.274	0.571
10.9	0.274	0.571
11	0.274	0.571
11	0.274	0.571
11	0.274	0.571
11	0.274	0.571
11	0.274	0.57
11	0.274	0.57
11	0.273	0.57
11	0.273	0.569
11	0.273	0.569
11	0.273	0.569
11	0.273	0.568
11	0.273	0.568
11	0.273	0.568
11	0.272	0.567
11.1	0.272	0.567
11.1	0.272	0.567
11.1	0.272	0.567
11.1	0.272	0.566
11.1	0.272	0.566
11.1	0.271	0.565
11.1	0.271	0.565
11.1	0.271	0.565
11.1	0.271	0.564
11.1	0.27	0.564
11.1	0.27	0.563
11.2	0.27	0.562
11.2	0.27	0.563
11.2	0.27	0.562
11.2	0.269	0.561
11.2	0.269	0.561
11.2	0.269	0.56
11.3	0.268	0.56
11.3	0.268	0.559
11.3	0.268	0.559
11.3	0.268	0.559
11.3	0.268	0.559
11.3	0.268	0.559
11.3	0.268	0.559
11.3	0.268	0.559
11.3	0.268	0.558
11.2	0.267	0.557
11.2	0.269	0.559
11.1	0.269	0.56
11.2	0.268	0.559
11.3	0.267	0.555
11.4	0.265	0.551
11.6	0.262	0.546
11.9	0.259	0.54
12.2	0.256	0.535
12.5	0.253	0.529
12.7	0.251	0.525
12.8	0.25	0.523
12.9	0.249	0.522
13	0.248	0.521
13	0.248	0.521
13.1	0.248	0.52
13.1	0.247	0.519
13.1	0.247	0.518
13.2	0.247	0.518
13.2	0.247	0.518
13.2	0.246	0.517
13.3	0.246	0.516
13.3	0.246	0.516
13.3	0.245	0.515
13.4	0.245	0.515
13.4	0.245	0.514
13.4	0.245	0.514
13.4	0.245	0.514
13.4	0.245	0.514
13.5	0.244	0.513
13.5	0.244	0.513
13.5	0.244	0.513
13.5	0.244	0.512
13.5	0.244	0.512
13.6	0.243	0.512
13.6	0.243	0.511
13.7	0.243	0.511
13.7	0.242	0.51
13.8	0.242	0.509
13.8	0.241	0.508
13.9	0.241	0.507
13.9	0.241	0.507
14	0.24	0.506
14	0.24	0.505
14.1	0.24	0.505
14.1	0.239	0.504
14.1	0.239	0.504
14.2	0.239	0.503
14.3	0.238	0.503
14.3	0.238	0.502
14.5	0.237	0.501
14.7	0.236	0.498
14.9	0.234	0.495
15.3	0.232	0.491
15.6	0.23	0.488
15.8	0.229	0.486
16.1	0.228	0.484
16.5	0.226	0.48
17.1	0.224	0.477
17.5	0.222	0.474
18	0.22	0.471
18.3	0.219	0.47
18.6	0.218	0.468
18.9	0.217	0.466
19.1	0.216	0.464
19.2	0.215	0.462
19.3	0.215	0.46
19.4	0.214	0.46
19.4	0.214	0.459
19.5	0.214	0.458
19.5	0.213	0.457
19.7	0.212	0.454
19.9	0.21	0.449
20.2	0.206	0.44
20.3	0.203	0.431
19.7	0.204	0.433
19	0.207	0.439
18.4	0.211	0.446
17.8	0.215	0.453
17.2	0.218	0.461
16.7	0.222	0.468
16.3	0.226	0.476
15.9	0.229	0.483
15.6	0.233	0.491
15.5	0.237	0.498
15.6	0.239	0.504
16	0.241	0.507
16.4	0.241	0.508
16.8	0.241	0.509
17.3	0.241	0.509
17.7	0.24	0.509
18.2	0.239	0.508
18.7	0.239	0.507
19.3	0.238	0.506
19.9	0.237	0.504
20.4	0.236	0.503
21.1	0.235	0.501
21.7	0.234	0.499
22.4	0.232	0.497
23.1	0.231	0.494
23.8	0.23	0.492
24.6	0.228	0.489
25.4	0.227	0.487
26.2	0.225	0.484
27.1	0.223	0.481
28	0.222	0.478
29	0.22	0.475
29.9	0.218	0.471
31	0.216	0.468
32	0.214	0.464
33.2	0.213	0.461
34.3	0.211	0.457
35.6	0.209	0.453
36.8	0.207	0.449
38.2	0.204	0.445
39.6	0.202	0.441
41	0.2	0.437
42.5	0.198	0.433
44.1	0.196	0.428
45.8	0.193	0.423
47.5	0.19	0.418
49.4	0.188	0.413
51.3	0.186	0.409
53.3	0.184	0.404
55.3	0.181	0.399
57.5	0.179	0.395
59.8	0.177	0.39
62.2	0.174	0.384
64.7	0.172	0.38
67.3	0.169	0.375
70.1	0.167	0.37
72.9	0.165	0.366
75.8	0.162	0.36
78.8	0.16	0.356
81.9	0.158	0.351
85	0.156	0.347
88.3	0.154	0.343
91.6	0.152	0.338
95	0.15	0.334
98.3	0.148	0.33
102	0.146	0.326
105	0.145	0.323
108	0.143	0.32
112	0.142	0.317
115	0.14	0.314
118	0.139	0.311
121	0.137	0.308
125	0.136	0.305
128	0.135	0.302
132	0.133	0.3
135	0.132	0.297
139	0.131	0.295
142	0.13	0.292
146	0.129	0.29
150	0.128	0.288
153	0.127	0.286
157	0.126	0.284
160	0.125	0.281
164	0.124	0.28
167	0.124	0.279
171	0.123	0.278
174	0.123	0.278
177	0.123	0.278
180	0.123	0.278
182	0.124	0.281
183	0.126	0.284
184	0.128	0.289
185	0.129	0.293
186	0.132	0.299
186	0.136	0.307
186	0.139	0.316
187	0.144	0.326
187	0.147	0.334
187	0.152	0.346
187	0.158	0.358
187	0.163	0.371
188	0.168	0.382
189	0.174	0.395
189	0.179	0.408
191	0.185	0.421
192	0.19	0.434
194	0.195	0.445
196	0.2	0.457
198	0.205	0.468
200	0.208	0.475
203	0.212	0.485
206	0.216	0.494
210	0.218	0.498
213	0.221	0.506
217	0.224	0.513
221	0.226	0.519
226	0.227	0.519
230	0.229	0.524
235	0.23	0.528
240	0.232	0.532
245	0.233	0.536
250	0.232	0.534
255	0.234	0.537
260	0.235	0.541
264	0.236	0.546
269	0.236	0.545
273	0.238	0.551
277	0.241	0.557
281	0.241	0.558
284	0.244	0.566
286	0.247	0.576
288	0.25	0.583
290	0.254	0.596
292	0.259	0.611
293	0.263	0.623
294	0.269	0.64
295	0.272	0.649
297	0.28	0.673
298	0.284	0.687
299	0.288	0.696
300	0.294	0.716
301	0.297	0.725
302	0.303	0.745
303	0.309	0.766
304	0.314	0.781
304	0.32	0.801
305	0.326	0.823
306	0.33	0.837
306	0.336	0.859
307	0.342	0.88
308	0.348	0.901
308	0.352	0.916
308	0.358	0.937
309	0.363	0.955
309	0.365	0.964
309	0.366	0.967
309	0.366	0.968
309	0.366	0.969
309	0.366	0.969
309	0.367	0.97
309	0.367	0.97
309	0.367	0.97
309	0.367	0.971
309	0.367	0.971
309	0.367	0.973
309	0.368	0.975
309	0.368	0.976
309	0.369	0.978
309	0.369	0.98
309	0.37	0.984
309	0.372	0.992
309	0.375	1
310	0.371	0.981
311	0.374	0.993
312	0.368	0.961
313	0.373	0.981
315	0.38	1.01
319	0.388	1.05
322	0.396	1.08
325	0.402	1.11
328	0.406	1.13
329	0.408	1.14
329	0.412	1.16
329	0.418	1.19
330	0.425	1.22
331	0.432	1.25
332	0.437	1.28
332	0.442	1.3
331	0.444	1.31
331	0.445	1.31
330	0.447	1.32
330	0.448	1.32
329	0.449	1.33
329	0.449	1.33
328	0.45	1.33
328	0.45	1.33
328	0.45	1.33
328	0.45	1.33
328	0.451	1.33
328	0.451	1.33
327	0.451	1.33
327	0.451	1.33
327	0.451	1.33
327	0.451	1.33
327	0.451	1.33
327	0.452	1.33
327	0.452	1.33
326	0.452	1.33
326	0.452	1.34
326	0.452	1.34
326	0.453	1.34
326	0.453	1.34
325	0.454	1.34
325	0.454	1.34
325	0.455	1.35
325	0.455	1.35
325	0.456	1.35
325	0.456	1.35
325	0.457	1.35
324	0.457	1.36
324	0.458	1.36
324	0.459	1.36
324	0.46	1.37
324	0.46	1.37
324	0.461	1.38
324	0.462	1.38
324	0.463	1.38
324	0.464	1.39
324	0.465	1.39
324	0.466	1.4
324	0.467	1.41
324	0.468	1.41
324	0.47	1.42
325	0.471	1.42
325	0.472	1.43
325	0.473	1.44
325	0.474	1.44
325	0.476	1.45
326	0.477	1.46
326	0.478	1.47
327	0.48	1.47
327	0.481	1.48
327	0.482	1.49
328	0.484	1.5
328	0.485	1.5
328	0.486	1.51
329	0.487	1.52
329	0.488	1.52
330	0.489	1.53
330	0.49	1.54
330	0.491	1.54
331	0.492	1.55
331	0.493	1.55
331	0.494	1.56
332	0.495	1.57
332	0.496	1.57
333	0.497	1.58
333	0.497	1.58
333	0.498	1.59
333	0.5	1.59
334	0.501	1.6
334	0.502	1.61
335	0.503	1.61
335	0.504	1.62
335	0.505	1.62
335	0.506	1.63
335	0.507	1.63
335	0.507	1.64
334	0.508	1.64
334	0.508	1.64
334	0.509	1.64
334	0.509	1.64
334	0.509	1.64
334	0.509	1.64
334	0.509	1.64
334	0.509	1.64
334	0.509	1.64
334	0.509	1.64
334	0.509	1.64
334	0.509	1.64
334	0.509	1.64
334	0.509	1.64
334	0.509	1.64
334	0.509	1.64
333	0.509	1.64
333	0.509	1.64
333	0.509	1.64
333	0.51	1.64
333	0.51	1.64
333	0.51	1.64
333	0.51	1.64
333	0.51	1.64
333	0.51	1.65
333	0.51	1.65
333	0.51	1.65
333	0.51	1.65
333	0.51	1.65
333	0.51	1.65
333	0.51	1.65
333	0.511	1.65
333	0.511	1.65
333	0.511	1.65
332	0.511	1.65
332	0.511	1.65
332	0.512	1.65
332	0.512	1.65
332	0.513	1.66
331	0.513	1.66
331	0.513	1.66
331	0.514	1.66
330	0.514	1.66
330	0.514	1.66
330	0.514	1.66
330	0.514	1.66
330	0.514	1.66
330	0.514	1.66
330	0.515	1.66
330	0.515	1.66
330	0.515	1.66
330	0.515	1.66
330	0.515	1.66
330	0.515	1.66
330	0.515	1.66
330	0.515	1.66
330	0.515	1.66
329	0.515	1.66
329	0.515	1.66
329	0.515	1.66
329	0.515	1.66
329	0.515	1.66
329	0.516	1.66
329	0.516	1.66
329	0.516	1.66
328	0.516	1.67
328	0.525	1.73
328	0.525	1.73
328	0.528	1.75
328	0.529	1.75
328	0.529	1.75
328	0.529	1.75
328	0.529	1.75
328	0.529	1.75
328	0.529	1.75
328	0.529	1.75
328	0.529	1.75
328	0.529	1.75
328	0.529	1.75
328	0.529	1.75
328	0.529	1.75
328	0.529	1.75
328	0.53	1.75
328	0.529	1.75
327	0.53	1.75
327	0.53	1.75
327	0.53	1.75
327	0.53	1.75
327	0.53	1.75
327	0.53	1.75
327	0.53	1.75
327	0.53	1.75
327	0.53	1.75
327	0.53	1.75
327	0.53	1.75
327	0.53	1.75
327	0.53	1.75
327	0.53	1.75
327	0.53	1.75
327	0.53	1.75
327	0.53	1.75
327	0.53	1.75
327	0.53	1.75
327	0.53	1.75
327	0.53	1.75
327	0.53	1.75
327	0.53	1.75
327	0.53	1.75
327	0.53	1.75
327	0.53	1.75
327	0.53	1.75
327	0.53	1.75
327	0.53	1.75
327	0.53	1.75
327	0.53	1.75
327	0.53	1.75
327	0.53	1.75
327	0.53	1.75
327	0.53	1.75
327	0.53	1.75
327	0.53	1.75
327	0.53	1.75
327	0.53	1.75
326	0.53	1.75
326	0.53	1.75
326	0.53	1.75
326	0.53	1.75
326	0.53	1.75
326	0.53	1.75
326	0.531	1.75
326	0.531	1.76
326	0.532	1.76
326	0.532	1.76
326	0.533	1.76
326	0.533	1.76
326	0.533	1.77
326	0.533	1.77
325	0.534	1.77
325	0.536	1.78
325	0.536	1.78
325	0.536	1.78
325	0.539	1.8
325	0.542	1.81
325	0.544	1.82
325	0.545	1.83
325	0.547	1.84
325	0.55	1.85
325	0.552	1.86
325	0.554	1.87
325	0.557	1.88
324	0.559	1.89
324	0.562	1.9
324	0.563	1.91
324	0.566	1.92
323	0.568	1.93
323	0.571	1.94
322	0.601	2.1
322	0.602	2.1
322	0.603	2.1
321	0.603	2.1
321	0.603	2.09
321	0.604	2.09
321	0.604	2.09
321	0.604	2.09
320	0.604	2.09
320	0.604	2.09
320	0.605	2.09
319	0.605	2.09
319	0.605	2.09
319	0.605	2.08
319	0.606	2.09
319	0.606	2.09
319	0.607	2.09
319	0.608	2.09
320	0.611	2.1
320	0.614	2.11
321	0.617	2.12
322	0.62	2.13
323	0.623	2.14
323	0.625	2.15
323	0.627	2.15
324	0.628	2.15
324	0.629	2.16
324	0.63	2.16
325	0.632	2.17
325	0.633	2.17
325	0.634	2.17
326	0.635	2.18
326	0.636	2.18
326	0.637	2.18
327	0.639	2.19
327	0.64	2.19
328	0.642	2.2
328	0.644	2.21
329	0.646	2.21
329	0.648	2.22
330	0.65	2.22
331	0.653	2.23
331	0.655	2.24
332	0.657	2.25
333	0.66	2.25
334	0.662	2.26
335	0.665	2.27
336	0.667	2.28
337	0.67	2.28
338	0.673	2.29
339	0.675	2.3
340	0.68	2.31
341	0.682	2.31
342	0.686	2.31
343	0.689	2.34
344	0.692	2.34
345	0.695	2.35
346	0.698	2.36
348	0.701	2.37
349	0.704	2.38
350	0.707	2.39
352	0.71	2.4
353	0.713	2.39
355	0.718	2.42
356	0.722	2.43
358	0.725	2.4
360	0.729	2.46
362	0.732	2.46
364	0.736	2.49
365	0.704	2.67
367	0.705	2.75
369	0.706	2.84
372	0.706	2.97
374	0.709	3.09
377	0.708	3.24
379	0.708	3.38
382	0.705	3.51
385	0.7	3.61
388	0.684	3.61
391	0.602	3.07
394	0.61	3.15
397	0.618	3.24
400	0.626	3.32
403	0.634	3.41
406	0.641	3.49
409	0.648	3.58
413	0.655	3.66
416	0.661	3.75
419	0.668	3.83
423	0.673	3.92
426	0.679	4
430	0.684	4.09
433	0.689	4.17
435	0.692	4.22
437	0.693	4.25
437	0.694	4.26
437	0.694	4.27
438	0.695	4.27
438	0.695	4.28
438	0.695	4.28
438	0.695	4.28
438	0.695	4.28
438	0.695	4.28
438	0.695	4.28
438	0.695	4.28
438	0.695	4.28
438	0.695	4.28
438	0.696	4.29
438	0.696	4.29
438	0.696	4.29
438	0.696	4.29
438	0.696	4.29
438	0.696	4.29
438	0.696	4.29
438	0.696	4.29
438	0.696	4.29
438	0.696	4.29
437	0.696	4.29
437	0.696	4.29
437	0.696	4.29
437	0.697	4.29
437	0.697	4.3
437	0.697	4.3
437	0.697	4.3
437	0.697	4.3
437	0.697	4.3
437	0.697	4.3
437	0.698	4.3
436	0.698	4.31
436	0.699	4.31
436	0.699	4.31
436	0.699	4.31
436	0.7	4.32
435	0.7	4.32
435	0.7	4.32
435	0.7	4.32
435	0.7	4.32
435	0.701	4.32
435	0.701	4.32
435	0.701	4.33
435	0.701	4.33
435	0.701	4.33
435	0.701	4.33
435	0.701	4.33
435	0.702	4.33
435	0.702	4.33
434	0.702	4.33
434	0.702	4.33
434	0.702	4.34
434	0.702	4.34
434	0.702	4.34
434	0.702	4.34
434	0.703	4.34
434	0.703	4.34
434	0.703	4.34
434	0.703	4.34
434	0.703	4.34
434	0.703	4.34
434	0.703	4.34
434	0.703	4.34
434	0.703	4.34
