6.84	0.395	0.662
6.97	0.391	0.657
7.04	0.386	0.652
6.67	0.384	0.649
7.5	0.356	0.619
9.01	0.327	0.632
9.55	0.32	0.62
9.94	0.315	0.613
10.3	0.309	0.609
10.8	0.304	0.601
11.2	0.297	0.594
11.7	0.293	0.586
12.1	0.288	0.579
12.7	0.284	0.571
13.2	0.279	0.564
13.8	0.274	0.556
14.3	0.27	0.549
15	0.266	0.542
15.6	0.263	0.535
16.3	0.259	0.528
17.1	0.253	0.518
17.8	0.249	0.511
18.6	0.246	0.505
19.5	0.242	0.498
20.4	0.239	0.492
21.3	0.236	0.486
22.3	0.233	0.48
23.3	0.23	0.474
24.5	0.227	0.468
25.6	0.224	0.462
26.9	0.221	0.457
28.2	0.219	0.452
29.5	0.216	0.447
31	0.214	0.442
32.4	0.211	0.437
34	0.209	0.432
35.6	0.207	0.427
37.2	0.204	0.423
38.8	0.202	0.418
40.5	0.2	0.414
42.1	0.199	0.41
43.7	0.197	0.407
45.4	0.195	0.403
47	0.193	0.399
48.7	0.191	0.395
50.5	0.19	0.392
52.2	0.188	0.388
54	0.186	0.385
55.8	0.185	0.382
57.7	0.184	0.378
59.5	0.182	0.376
61.4	0.181	0.373
63.3	0.18	0.371
64.9	0.18	0.371
66.2	0.181	0.373
67.3	0.184	0.379
68	0.188	0.386
68.2	0.195	0.4
68.3	0.203	0.417
68.3	0.213	0.435
68.5	0.223	0.455
68.8	0.233	0.475
69.3	0.243	0.495
70.2	0.253	0.514
71.5	0.262	0.53
73.1	0.27	0.544
75.1	0.276	0.555
77.5	0.28	0.562
80.3	0.283	0.566
83.4	0.284	0.568
86.8	0.284	0.567
90.6	0.283	0.563
94.7	0.281	0.557
99.1	0.277	0.549
104	0.274	0.54
109	0.269	0.53
114	0.265	0.52
119	0.26	0.51
125	0.256	0.501
130	0.252	0.494
134	0.249	0.488
138	0.248	0.487
142	0.25	0.49
145	0.251	0.493
148	0.252	0.497
151	0.255	0.503
154	0.256	0.506
157	0.257	0.509
159	0.256	0.507
160	0.256	0.507
162	0.253	0.499
163	0.247	0.487
164	0.242	0.475
164	0.238	0.465
163	0.235	0.459
163	0.235	0.458
162	0.233	0.453
162	0.234	0.455
161	0.234	0.456
161	0.233	0.455
161	0.234	0.456
160	0.234	0.456
160	0.232	0.452
160	0.232	0.451
160	0.231	0.448
159	0.231	0.449
159	0.23	0.447
159	0.229	0.444
159	0.229	0.445
158	0.229	0.443
158	0.229	0.443
158	0.228	0.441
157	0.226	0.437
157	0.226	0.436
156	0.225	0.432
156	0.225	0.434
155	0.226	0.435
155	0.225	0.433
154	0.224	0.43
154	0.225	0.43
153	0.224	0.429
152	0.224	0.427
152	0.224	0.427
151	0.224	0.427
150	0.224	0.426
149	0.225	0.427
148	0.225	0.427
147	0.225	0.426
146	0.226	0.427
145	0.227	0.429
144	0.227	0.428
143	0.227	0.428
142	0.227	0.428
141	0.228	0.427
139	0.229	0.429
138	0.229	0.429
136	0.229	0.429
135	0.23	0.43
133	0.231	0.431
132	0.231	0.431
130	0.231	0.432
129	0.231	0.432
127	0.232	0.433
126	0.231	0.431
124	0.23	0.43
123	0.229	0.427
121	0.227	0.425
120	0.226	0.422
118	0.224	0.42
117	0.221	0.415
116	0.219	0.411
116	0.218	0.411
115	0.216	0.406
114	0.212	0.4
113	0.208	0.394
112	0.204	0.387
111	0.199	0.379
110	0.194	0.37
109	0.187	0.36
109	0.18	0.348
108	0.173	0.335
108	0.164	0.32
108	0.155	0.304
108	0.145	0.285
109	0.134	0.267
109	0.125	0.251
109	0.118	0.237
108	0.113	0.228
108	0.109	0.221
107	0.116	0.242
104	0.114	0.238
100	0.113	0.237
96.6	0.114	0.239
92.5	0.116	0.243
88.5	0.118	0.247
84.7	0.12	0.251
81.1	0.122	0.256
77.6	0.124	0.261
74.3	0.127	0.266
71	0.129	0.271
68	0.131	0.276
65	0.134	0.281
62.3	0.136	0.286
59.6	0.139	0.291
57.2	0.141	0.296
54.8	0.143	0.3
52.6	0.145	0.304
50.3	0.146	0.308
48.1	0.148	0.312
46	0.15	0.315
43.8	0.151	0.319
41.9	0.153	0.322
40	0.155	0.325
38.2	0.156	0.329
36.4	0.158	0.332
35.1	0.159	0.335
34.4	0.155	0.324
32	0.158	0.331
30	0.166	0.348
28.8	0.172	0.361
28.8	0.172	0.362
28.9	0.171	0.359
28.6	0.171	0.359
29.4	0.169	0.355
30.6	0.166	0.348
32	0.162	0.34
33.3	0.158	0.333
34.7	0.155	0.325
36.5	0.151	0.317
38.7	0.147	0.308
41	0.143	0.3
43.6	0.139	0.291
46.3	0.135	0.283
49.2	0.131	0.276
52.2	0.128	0.268
55.2	0.125	0.262
58.3	0.122	0.255
61.3	0.119	0.25
64.4	0.117	0.244
67.5	0.114	0.239
70.7	0.112	0.234
74.1	0.11	0.23
77.6	0.107	0.225
81.1	0.105	0.22
84.7	0.103	0.216
88.4	0.102	0.212
92.3	0.0997	0.208
96.2	0.0982	0.205
100	0.0968	0.202
104	0.0959	0.2
107	0.0958	0.2
110	0.0966	0.201
112	0.0987	0.205
112	0.103	0.214
112	0.107	0.221
112	0.109	0.226
113	0.115	0.237
113	0.122	0.251
113	0.13	0.266
113	0.138	0.282
113	0.147	0.298
114	0.155	0.313
116	0.162	0.326
118	0.168	0.337
121	0.173	0.346
124	0.177	0.354
127	0.181	0.361
129	0.185	0.368
131	0.19	0.379
133	0.194	0.387
134	0.196	0.39
135	0.196	0.389
135	0.194	0.386
135	0.193	0.384
135	0.192	0.382
135	0.191	0.379
134	0.188	0.372
132	0.185	0.367
130	0.184	0.366
128	0.189	0.377
127	0.202	0.407
128	0.215	0.435
130	0.225	0.46
131	0.235	0.481
133	0.244	0.502
135	0.253	0.524
138	0.261	0.544
140	0.27	0.565
142	0.278	0.586
144	0.287	0.608
147	0.295	0.63
149	0.304	0.654
151	0.313	0.678
154	0.321	0.702
156	0.33	0.728
159	0.339	0.754
162	0.347	0.78
165	0.356	0.808
167	0.365	0.836
170	0.373	0.864
173	0.381	0.89
176	0.389	0.919
180	0.398	0.951
183	0.406	0.983
186	0.414	1.01
190	0.422	1.04
193	0.43	1.08
196	0.439	1.12
200	0.446	1.15
203	0.454	1.18
207	0.461	1.22
211	0.469	1.26
214	0.477	1.3
218	0.485	1.34
222	0.491	1.38
226	0.498	1.42
230	0.503	1.45
233	0.51	1.49
237	0.517	1.54
241	0.521	1.57
245	0.527	1.61
249	0.533	1.66
253	0.539	1.71
256	0.545	1.75
260	0.55	1.79
264	0.554	1.83
267	0.56	1.88
271	0.564	1.93
274	0.57	1.98
277	0.575	2.03
280	0.58	2.08
283	0.586	2.13
286	0.59	2.18
288	0.595	2.22
291	0.6	2.27
293	0.605	2.31
295	0.611	2.36
296	0.616	2.4
298	0.629	2.49
299	0.63	2.5
300	0.632	2.51
300	0.633	2.52
301	0.635	2.53
301	0.638	2.55
300	0.64	2.56
300	0.643	2.56
297	0.646	2.56
293	0.649	2.56
289	0.652	2.55
286	0.656	2.55
283	0.659	2.56
281	0.662	2.56
278	0.665	2.57
276	0.668	2.57
274	0.672	2.58
272	0.674	2.59
270	0.678	2.6
268	0.68	2.6
267	0.683	2.61
265	0.686	2.62
264	0.688	2.63
263	0.691	2.64
262	0.694	2.65
261	0.696	2.66
260	0.698	2.67
259	0.7	2.68
259	0.703	2.69
258	0.705	2.7
258	0.706	2.71
257	0.709	2.72
257	0.711	2.74
257	0.712	2.74
256	0.714	2.75
256	0.716	2.76
256	0.717	2.77
255	0.719	2.78
255	0.72	2.79
255	0.721	2.8
254	0.722	2.8
254	0.724	2.81
254	0.725	2.82
254	0.726	2.83
254	0.727	2.83
254	0.728	2.84
254	0.729	2.85
255	0.73	2.86
255	0.731	2.88
256	0.732	2.89
257	0.733	2.91
258	0.734	2.92
259	0.735	2.94
260	0.736	2.95
261	0.737	2.97
263	0.737	2.99
264	0.738	3.01
265	0.739	3.03
267	0.74	3.05
268	0.741	3.07
270	0.741	3.09
271	0.742	3.11
272	0.743	3.13
274	0.744	3.15
275	0.744	3.17
276	0.745	3.19
278	0.746	3.21
279	0.746	3.23
281	0.747	3.25
282	0.748	3.27
283	0.748	3.29
285	0.749	3.31
286	0.75	3.34
287	0.75	3.36
289	0.751	3.38
290	0.751	3.4
292	0.752	3.42
293	0.752	3.44
294	0.753	3.46
295	0.754	3.48
295	0.754	3.49
296	0.755	3.51
297	0.755	3.53
298	0.756	3.55
299	0.756	3.56
300	0.757	3.58
301	0.757	3.59
302	0.758	3.61
302	0.758	3.62
303	0.759	3.64
304	0.759	3.65
305	0.76	3.67
305	0.76	3.68
306	0.761	3.7
307	0.761	3.72
308	0.762	3.73
308	0.762	3.75
309	0.763	3.76
310	0.763	3.78
311	0.764	3.8
312	0.764	3.81
312	0.765	3.83
313	0.765	3.85
314	0.765	3.87
315	0.766	3.88
316	0.766	3.9
317	0.767	3.92
317	0.767	3.94
318	0.767	3.95
319	0.768	3.97
320	0.768	3.99
321	0.769	4.01
322	0.769	4.03
322	0.77	4.05
323	0.77	4.07
324	0.77	4.09
325	0.771	4.11
326	0.771	4.13
327	0.772	4.15
328	0.772	4.17
329	0.772	4.2
330	0.773	4.22
331	0.773	4.24
332	0.773	4.26
333	0.774	4.29
334	0.774	4.31
335	0.775	4.33
336	0.775	4.36
337	0.775	4.39
338	0.776	4.41
339	0.776	4.44
340	0.776	4.47
341	0.777	4.5
342	0.777	4.52
343	0.778	4.55
344	0.778	4.58
345	0.778	4.6
346	0.779	4.63
347	0.779	4.66
348	0.779	4.69
350	0.78	4.72
351	0.78	4.76
352	0.78	4.79
353	0.781	4.82
354	0.781	4.86
355	0.782	4.89
356	0.782	4.92
358	0.782	4.95
359	0.783	4.99
360	0.783	5.03
361	0.783	5.07
363	0.784	5.11
364	0.784	5.14
365	0.784	5.18
366	0.785	5.22
368	0.785	5.27
369	0.785	5.31
370	0.786	5.36
372	0.786	5.4
373	0.786	5.45
374	0.787	5.5
376	0.787	5.55
377	0.787	5.59
378	0.788	5.65
380	0.788	5.7
381	0.788	5.75
382	0.788	5.8
384	0.789	5.86
386	0.789	5.92
387	0.79	5.98
388	0.79	6.04
390	0.79	6.11
392	0.791	6.18
393	0.791	6.25
395	0.791	6.32
396	0.792	6.39
398	0.792	6.46
399	0.792	6.53
401	0.793	6.62
402	0.793	6.69
404	0.793	6.78
406	0.794	6.87
408	0.794	6.95
409	0.794	7.05
411	0.795	7.15
413	0.795	7.26
415	0.796	7.37
417	0.796	7.48
418	0.796	7.6
420	0.797	7.72
422	0.797	7.85
424	0.797	7.97
426	0.798	8.13
428	0.798	8.28
430	0.799	8.44
433	0.799	8.61
435	0.799	8.8
437	0.8	8.97
439	0.8	9.18
441	0.801	9.39
444	0.801	9.61
446	0.801	9.87
449	0.802	10.1
451	0.802	10.5
454	0.803	10.8
457	0.803	11.1
459	0.804	11.5
462	0.804	11.9
465	0.805	12.4
469	0.805	12.9
472	0.806	13.5
475	0.806	14.2
479	0.807	15
482	0.807	15.8
486	0.807	16.7
489	0.808	17.6
491	0.808	18.5
494	0.808	19.4
496	0.808	20.3
498	0.808	21.2
500	0.808	22
502	0.808	22.8
503	0.807	23.4
505	0.807	24
506	0.806	24.4
506	0.806	24.6
507	0.805	24.7
507	0.804	24.5
