13	0.392	0.713
13.1	0.39	0.712
13.2	0.389	0.71
13.3	0.387	0.708
13.4	0.385	0.707
13.5	0.383	0.705
13.6	0.381	0.703
13.7	0.379	0.701
13.9	0.377	0.699
14	0.375	0.697
14.1	0.373	0.695
14.2	0.371	0.693
14.3	0.368	0.69
14.4	0.366	0.688
14.4	0.364	0.686
14.5	0.361	0.684
14.4	0.359	0.682
14.2	0.357	0.68
14	0.356	0.679
13.8	0.355	0.678
13.5	0.353	0.677
13.3	0.351	0.675
13.2	0.35	0.674
13.1	0.349	0.673
12.9	0.347	0.671
12.7	0.344	0.669
12.6	0.341	0.667
12.4	0.339	0.664
12.3	0.337	0.663
12.3	0.335	0.662
12.5	0.335	0.677
12.9	0.359	0.689
13	0.346	0.694
13	0.361	0.687
13	0.361	0.687
13	0.361	0.687
13	0.361	0.687
13	0.361	0.687
13	0.361	0.687
13	0.361	0.69
13	0.362	0.687
13	0.362	0.687
13	0.362	0.687
13	0.362	0.683
13	0.36	0.686
13	0.36	0.688
13	0.362	0.682
13	0.362	0.682
13	0.343	0.697
13	0.343	0.697
13	0.343	0.697
13	0.343	0.697
13	0.343	0.697
13	0.344	0.697
13	0.344	0.697
13	0.363	0.69
13	0.363	0.69
13	0.363	0.688
13	0.363	0.688
13	0.363	0.688
13	0.363	0.688
13	0.363	0.688
13	0.363	0.688
13	0.363	0.688
13	0.363	0.688
13	0.363	0.688
13	0.363	0.688
13.1	0.364	0.689
13.2	0.367	0.691
13.3	0.369	0.692
13.5	0.371	0.692
13.6	0.37	0.688
13.9	0.368	0.682
14.1	0.365	0.672
14.5	0.358	0.656
14.9	0.348	0.635
14.8	0.372	1.12
14.3	0.38	1.14
13.9	0.392	1.17
13.8	0.398	1.17
14.1	0.383	1.13
14.2	0.373	1.1
13.8	0.378	1.11
13.5	0.384	1.13
13.1	0.392	1.15
12.8	0.402	1.18
12.5	0.408	1.19
12.1	0.416	1.22
11.8	0.423	1.24
11.4	0.435	1.28
11.1	0.449	1.32
11	0.453	1.33
11	0.452	1.33
11	0.452	1.33
11.1	0.451	1.33
11.1	0.45	1.32
11.1	0.449	1.32
11.2	0.448	1.32
11.2	0.447	1.32
11.2	0.446	1.32
11.3	0.445	1.31
11.3	0.444	1.31
11.3	0.443	1.31
11.3	0.442	1.31
11.4	0.441	1.31
11.4	0.441	1.3
11.4	0.44	1.3
11.5	0.439	1.3
11.5	0.438	1.3
11.5	0.437	1.3
11.5	0.436	1.29
11.6	0.435	1.29
11.6	0.434	1.29
11.6	0.433	1.29
11.7	0.432	1.28
11.7	0.43	1.28
11.7	0.429	1.28
11.8	0.428	1.28
11.8	0.427	1.28
11.8	0.426	1.27
11.9	0.425	1.27
11.9	0.424	1.27
12	0.423	1.27
12	0.422	1.26
12	0.421	1.26
12.1	0.419	1.26
12.1	0.418	1.26
12.2	0.417	1.25
12.2	0.416	1.25
12.2	0.415	1.25
12.3	0.413	1.25
12.3	0.412	1.24
12.4	0.411	1.24
12.4	0.41	1.24
12.4	0.408	1.24
12.5	0.407	1.23
12.5	0.406	1.23
12.6	0.405	1.23
12.6	0.403	1.22
12.7	0.402	1.22
12.7	0.401	1.22
12.8	0.399	1.22
12.8	0.398	1.21
12.9	0.397	1.21
12.9	0.395	1.21
13	0.394	1.2
13	0.393	1.2
13.1	0.391	1.2
13.1	0.39	1.2
13.2	0.388	1.19
13.2	0.387	1.19
13.3	0.385	1.19
13.4	0.384	1.18
13.4	0.382	1.18
13.5	0.381	1.18
13.6	0.379	1.17
13.6	0.378	1.17
13.7	0.376	1.16
13.7	0.374	1.16
13.8	0.373	1.16
13.9	0.371	1.15
14	0.369	1.15
14	0.367	1.15
14.1	0.366	1.14
14.2	0.364	1.14
14.3	0.362	1.13
14.4	0.36	1.13
14.4	0.358	1.12
14.5	0.356	1.12
14.6	0.354	1.11
14.7	0.352	1.11
14.8	0.35	1.11
14.9	0.348	1.1
15	0.346	1.1
15.1	0.31	0.543
15.2	0.308	0.541
15.3	0.307	0.539
15.4	0.305	0.538
15.5	0.303	0.536
15.6	0.302	0.534
15.7	0.3	0.532
15.9	0.299	0.53
16	0.297	0.528
16.1	0.295	0.526
16.2	0.293	0.524
16.4	0.292	0.521
16.5	0.29	0.519
16.6	0.288	0.517
16.8	0.286	0.514
16.9	0.284	0.512
17	0.282	0.51
17.2	0.28	0.507
17.3	0.278	0.504
17.4	0.275	0.502
17.5	0.273	0.499
17.6	0.271	0.496
17.6	0.269	0.494
17.6	0.266	0.491
17.5	0.264	0.488
17.3	0.263	0.486
17.1	0.261	0.484
16.8	0.26	0.483
16.5	0.258	0.48
16.2	0.256	0.478
16	0.254	0.475
15.7	0.251	0.472
15.5	0.248	0.469
15.4	0.246	0.466
15.2	0.243	0.462
15	0.24	0.459
14.9	0.239	0.458
14.9	0.233	0.455
14.9	0.223	0.452
15.2	0.217	0.457
15.5	0.216	0.462
15.9	0.213	0.462
16.3	0.209	0.464
16.7	0.205	0.46
17.2	0.201	0.456
17.8	0.196	0.45
18.3	0.192	0.445
18.8	0.188	0.441
19.4	0.185	0.436
20	0.181	0.43
20.6	0.177	0.425
21.2	0.173	0.419
21.9	0.17	0.413
22.6	0.166	0.406
23.3	0.162	0.4
24.1	0.158	0.393
24.9	0.154	0.386
25.7	0.151	0.379
26.6	0.147	0.372
27.5	0.144	0.365
28.4	0.14	0.358
29.4	0.137	0.351
30.4	0.133	0.344
31.4	0.13	0.338
32.5	0.126	0.331
33.7	0.123	0.324
34.9	0.12	0.317
36.1	0.117	0.31
37.4	0.114	0.304
38.8	0.111	0.297
40.2	0.108	0.29
41.7	0.105	0.284
43.2	0.102	0.277
44.9	0.0992	0.271
46.6	0.0964	0.265
48.4	0.0936	0.258
50.2	0.0909	0.252
52.2	0.0882	0.245
54.4	0.0856	0.239
56.6	0.0829	0.232
59	0.0803	0.226
61.5	0.0776	0.219
64.3	0.075	0.213
67.1	0.0724	0.206
70.2	0.0698	0.199
73.5	0.0673	0.193
77.1	0.0647	0.186
81	0.0621	0.179
85.1	0.0595	0.172
89.6	0.0569	0.165
94.6	0.0543	0.157
99.8	0.0517	0.15
106	0.0492	0.143
112	0.0468	0.136
118	0.0444	0.13
125	0.0421	0.123
133	0.0398	0.117
141	0.0376	0.11
150	0.0355	0.104
160	0.0335	0.0984
164	0.0327	0.0962
170	0.0316	0.0928
181	0.0297	0.0875
193	0.028	0.0825
205	0.0264	0.0778
217	0.0249	0.0734
230	0.0235	0.0695
243	0.0223	0.0658
256	0.0211	0.0623
269	0.0202	0.0595
282	0.0194	0.0569
294	0.0186	0.0546
304	0.018	0.0526
314	0.0174	0.0509
323	0.0169	0.0494
332	0.0164	0.048
341	0.016	0.0467
350	0.0155	0.0454
359	0.0151	0.0442
367	0.0148	0.0431
376	0.0144	0.0421
384	0.0141	0.0411
392	0.0138	0.0402
400	0.0135	0.0393
408	0.0132	0.0386
415	0.013	0.0378
422	0.0127	0.0371
429	0.0125	0.0364
436	0.0123	0.0358
444	0.0121	0.0351
451	0.0118	0.0345
458	0.0116	0.0339
465	0.0114	0.0333
472	0.0112	0.0327
479	0.0111	0.0322
486	0.0109	0.0317
493	0.0107	0.0312
499	0.0106	0.0307
506	0.0104	0.0303
512	0.0103	0.0299
518	0.0102	0.0295
524	0.01	0.0291
530	0.0099	0.0287
536	0.00978	0.0284
541	0.00966	0.028
547	0.00954	0.0277
553	0.00942	0.0273
558	0.00932	0.027
564	0.00924	0.0267
569	0.00913	0.0264
575	0.00903	0.0261
580	0.00893	0.0258
585	0.00884	0.0256
591	0.00874	0.0253
596	0.00865	0.025
602	0.00856	0.0248
607	0.00848	0.0245
612	0.00842	0.0243
617	0.00834	0.0241
622	0.00826	0.0238
627	0.00819	0.0236
631	0.00811	0.0234
636	0.00804	0.0232
641	0.00797	0.023
645	0.0079	0.0228
650	0.00784	0.0226
655	0.00777	0.0224
659	0.00771	0.0222
664	0.00764	0.022
668	0.00759	0.0219
672	0.00753	0.0217
676	0.00749	0.0215
680	0.00743	0.0214
684	0.00738	0.0212
688	0.00733	0.0211
692	0.00728	0.0209
696	0.00723	0.0208
700	0.00718	0.0206
703	0.00713	0.0205
707	0.00709	0.0204
710	0.00704	0.0202
714	0.007	0.0201
717	0.00695	0.02
721	0.00693	0.0199
724	0.00689	0.0198
727	0.00686	0.0197
731	0.00682	0.0196
734	0.00678	0.0194
737	0.00674	0.0193
740	0.00671	0.0192
743	0.00667	0.0191
746	0.00664	0.019
748	0.00661	0.0189
751	0.00658	0.0189
753	0.00655	0.0188
755	0.00652	0.0187
758	0.00651	0.0186
760	0.00648	0.0185
762	0.00645	0.0185
764	0.00643	0.0184
766	0.0064	0.0183
768	0.00638	0.0182
770	0.00635	0.0182
771	0.00633	0.0181
773	0.00631	0.0181
774	0.00629	0.018
776	0.00627	0.0179
777	0.00625	0.0179
778	0.00623	0.0178
779	0.00622	0.0178
780	0.0062	0.0177
780	0.0062	0.0177
780	0.00619	0.0177
780	0.0062	0.0177
780	0.00619	0.0177
779	0.00618	0.0176
778	0.00618	0.0176
778	0.00618	0.0176
776	0.00618	0.0176
775	0.00618	0.0176
774	0.00618	0.0176
773	0.00618	0.0176
771	0.00619	0.0176
769	0.0062	0.0177
767	0.00622	0.0177
765	0.00623	0.0177
763	0.00623	0.0178
761	0.00624	0.0178
759	0.00625	0.0178
757	0.00626	0.0178
755	0.00626	0.0178
753	0.00627	0.0178
751	0.00627	0.0179
750	0.00628	0.0179
747	0.00629	0.0179
745	0.0063	0.0179
743	0.0063	0.0179
740	0.00632	0.018
737	0.00633	0.018
735	0.00636	0.0181
731	0.00637	0.0181
728	0.00641	0.0182
725	0.00643	0.0182
722	0.00644	0.0183
719	0.00646	0.0183
715	0.00648	0.0184
712	0.0065	0.0184
709	0.00651	0.0185
706	0.00653	0.0185
704	0.00655	0.0186
703	0.00655	0.0186
700	0.00657	0.0186
698	0.0066	0.0187
696	0.00661	0.0187
694	0.00661	0.0187
692	0.00662	0.0187
690	0.00663	0.0188
688	0.00663	0.0188
687	0.00663	0.0188
685	0.00664	0.0188
683	0.00665	0.0188
682	0.00665	0.0188
680	0.00667	0.0189
678	0.00668	0.0189
676	0.00669	0.0189
674	0.0067	0.0189
671	0.00671	0.019
668	0.00673	0.019
665	0.00675	0.0191
662	0.00678	0.0191
659	0.0068	0.0192
656	0.00683	0.0193
652	0.00686	0.0193
649	0.00688	0.0194
646	0.0069	0.0195
644	0.00691	0.0195
642	0.00692	0.0195
640	0.00692	0.0195
639	0.00692	0.0195
638	0.00692	0.0195
637	0.00692	0.0195
636	0.00693	0.0195
635	0.00695	0.0195
634	0.00694	0.0195
632	0.00695	0.0195
631	0.00694	0.0195
630	0.00695	0.0195
628	0.00695	0.0195
627	0.00695	0.0195
625	0.00695	0.0195
624	0.00695	0.0195
623	0.00695	0.0195
621	0.00697	0.0196
619	0.00697	0.0196
618	0.00697	0.0196
616	0.00699	0.0196
614	0.00702	0.0197
612	0.00703	0.0197
609	0.00704	0.0197
606	0.00707	0.0198
603	0.00709	0.0199
599	0.00711	0.0199
596	0.00714	0.02
592	0.00718	0.0201
588	0.00721	0.0202
583	0.00725	0.0203
579	0.0073	0.0204
575	0.00734	0.0205
570	0.0074	0.0207
565	0.00745	0.0208
560	0.00749	0.0209
556	0.00754	0.021
552	0.00758	0.0212
547	0.00762	0.0213
542	0.00767	0.0214
537	0.00773	0.0216
532	0.00782	0.0218
526	0.00788	0.022
520	0.00797	0.0222
513	0.00805	0.0224
505	0.00816	0.0227
498	0.00826	0.023
489	0.00839	0.0233
479	0.00854	0.0238
467	0.00874	0.0243
452	0.009	0.025
436	0.00933	0.0259
416	0.00975	0.0271
398	0.0102	0.0284
387	0.0105	0.0291
383	0.0106	0.0294
383	0.0105	0.0292
384	0.0105	0.029
387	0.0104	0.0288
388	0.0103	0.0286
390	0.0103	0.0284
391	0.0102	0.0282
392	0.0102	0.0281
393	0.0101	0.0279
393	0.0101	0.0278
394	0.01	0.0277
395	0.00999	0.0276
395	0.00994	0.0274
395	0.00991	0.0273
396	0.00989	0.0272
395	0.00987	0.0272
395	0.00985	0.0271
394	0.00984	0.0271
394	0.00983	0.027
393	0.00982	0.027
391	0.00986	0.0271
390	0.00986	0.0271
388	0.00988	0.0271
386	0.0099	0.0272
384	0.00993	0.0272
382	0.00996	0.0273
380	0.00998	0.0274
378	0.01	0.0274
375	0.0101	0.0276
371	0.0101	0.0277
368	0.0102	0.0279
363	0.0103	0.0282
358	0.0104	0.0285
352	0.0106	0.0289
345	0.0108	0.0294
338	0.011	0.0299
329	0.0113	0.0307
318	0.0116	0.0316
304	0.0121	0.033
283	0.013	0.0354
258	0.0142	0.0386
243	0.0151	0.041
239	0.0153	0.0416
239	0.0152	0.0414
240	0.0151	0.0411
241	0.015	0.0409
241	0.015	0.0406
242	0.0149	0.0404
242	0.0148	0.0403
242	0.0148	0.0401
242	0.0148	0.0401
241	0.0148	0.0401
240	0.0148	0.0401
239	0.0148	0.0401
237	0.0149	0.0402
235	0.015	0.0405
233	0.0151	0.0407
230	0.0153	0.0411
227	0.0154	0.0416
223	0.0157	0.0422
218	0.016	0.0431
209	0.0166	0.0447
202	0.0172	0.0462
196	0.0177	0.0476
196	0.0176	0.0474
199	0.0173	0.0465
201	0.0172	0.0461
202	0.017	0.0456
203	0.0169	0.0452
204	0.0167	0.0448
205	0.0167	0.0446
206	0.0166	0.0444
206	0.0166	0.0442
206	0.0165	0.0441
207	0.0164	0.0438
208	0.0163	0.0435
209	0.0162	0.0432
211	0.016	0.0426
213	0.0157	0.042
215	0.0156	0.0415
217	0.0155	0.0412
218	0.0153	0.0408
219	0.0152	0.0405
220	0.0151	0.0403
220	0.0151	0.0402
220	0.0151	0.0401
220	0.015	0.04
219	0.015	0.04
218	0.0151	0.04
217	0.0151	0.0402
215	0.0152	0.0404
213	0.0153	0.0408
208	0.0157	0.0416
198	0.0164	0.0435
200	0.0162	0.0432
203	0.016	0.0425
205	0.0158	0.0419
207	0.0156	0.0416
206	0.0157	0.0417
202	0.016	0.0425
199	0.0162	0.0431
195	0.0165	0.0438
194	0.0166	0.0442
199	0.0162	0.0431
203	0.0158	0.0421
207	0.0156	0.0415
208	0.0154	0.0411
212	0.0152	0.0404
216	0.0149	0.0396
219	0.0147	0.039
222	0.0145	0.0385
224	0.0143	0.038
225	0.0141	0.0377
226	0.0141	0.0375
225	0.014	0.0374
222	0.0143	0.0381
218	0.0145	0.0387
215	0.0147	0.0391
213	0.0148	0.0393
214	0.0147	0.0392
216	0.0146	0.0389
218	0.0144	0.0384
220	0.0143	0.0381
221	0.0142	0.0379
218	0.0144	0.0384
206	0.0152	0.0406
196	0.0159	0.0426
199	0.0158	0.0423
205	0.0153	0.0409
212	0.0148	0.0397
217	0.0144	0.0386
223	0.014	0.0376
228	0.0138	0.0369
233	0.0135	0.0361
238	0.0131	0.0352
244	0.0128	0.0344
250	0.0125	0.0336
256	0.0122	0.0328
261	0.012	0.0321
265	0.0118	0.0315
269	0.0116	0.0311
274	0.0114	0.0305
279	0.0111	0.0299
285	0.0109	0.0293
290	0.0107	0.0287
296	0.0105	0.0281
301	0.0103	0.0277
306	0.0101	0.0272
313	0.0099	0.0266
320	0.00967	0.026
327	0.00945	0.0254
334	0.00924	0.0248
340	0.00905	0.0243
346	0.00888	0.0239
352	0.00878	0.0236
356	0.00865	0.0233
361	0.00852	0.0229
367	0.00838	0.0225
373	0.00823	0.0222
380	0.00808	0.0218
386	0.00794	0.0214
393	0.0078	0.021
399	0.00766	0.0206
403	0.00756	0.0204
404	0.00754	0.0203
403	0.00755	0.0204
400	0.00761	0.0205
392	0.00779	0.021
385	0.00793	0.0214
380	0.00802	0.0217
376	0.00811	0.0219
371	0.0082	0.0222
365	0.00835	0.0226
367	0.00831	0.0225
375	0.00815	0.0221
385	0.00793	0.0215
396	0.00772	0.0209
406	0.00752	0.0204
417	0.00732	0.0198
428	0.00713	0.0193
437	0.00698	0.0189
446	0.00683	0.0185
455	0.0067	0.0182
463	0.00658	0.0179
470	0.00646	0.0176
478	0.00635	0.0173
487	0.00624	0.017
495	0.00613	0.0167
504	0.00603	0.0164
512	0.00593	0.0161
520	0.00584	0.0159
528	0.00575	0.0156
536	0.00566	0.0154
544	0.00558	0.0152
552	0.0055	0.015
560	0.00542	0.0148
567	0.00535	0.0146
575	0.00528	0.0144
582	0.00522	0.0142
589	0.00516	0.0141
595	0.0051	0.0139
602	0.00504	0.0138
608	0.00499	0.0136
615	0.00494	0.0135
621	0.00489	0.0133
627	0.00485	0.0132
633	0.00481	0.0131
638	0.00476	0.013
644	0.00472	0.0129
650	0.00468	0.0128
655	0.00464	0.0127
660	0.00461	0.0126
665	0.00457	0.0125
670	0.00454	0.0124
675	0.0045	0.0123
680	0.00447	0.0122
685	0.00444	0.0121
689	0.00441	0.0121
694	0.00438	0.012
698	0.00436	0.0119
702	0.00433	0.0118
707	0.0043	0.0118
711	0.00428	0.0117
715	0.00425	0.0116
719	0.00423	0.0116
723	0.00423	0.0116
727	0.00421	0.0115
731	0.00418	0.0115
734	0.00416	0.0114
738	0.00414	0.0113
742	0.00412	0.0113
745	0.0041	0.0112
749	0.00409	0.0112
752	0.00407	0.0111
755	0.00405	0.0111
758	0.00403	0.0111
761	0.00402	0.011
764	0.004	0.011
767	0.00399	0.0109
770	0.00397	0.0109
772	0.00396	0.0109
775	0.00395	0.0108
777	0.00394	0.0108
779	0.00393	0.0108
781	0.00392	0.0108
782	0.00391	0.0107
783	0.00391	0.0107
783	0.00391	0.0107
784	0.0039	0.0107
785	0.0039	0.0107
786	0.00389	0.0107
787	0.00389	0.0107
788	0.00388	0.0107
790	0.00388	0.0107
791	0.00389	0.0107
792	0.00388	0.0107
794	0.00387	0.0107
795	0.00387	0.0106
797	0.00386	0.0106
798	0.00385	0.0106
800	0.00384	0.0106
802	0.00384	0.0106
804	0.00383	0.0105
806	0.00382	0.0105
808	0.00381	0.0105
810	0.0038	0.0105
812	0.00379	0.0105
814	0.00378	0.0104
817	0.00377	0.0104
819	0.00376	0.0104
821	0.00375	0.0103
824	0.00374	0.0103
827	0.00373	0.0103
829	0.00372	0.0103
832	0.00371	0.0102
835	0.0037	0.0102
838	0.00369	0.0102
840	0.00367	0.0101
843	0.00366	0.0101
846	0.00365	0.0101
849	0.00364	0.01
852	0.00363	0.01
855	0.00362	0.00999
858	0.0036	0.00996
861	0.00359	0.00993
864	0.00358	0.0099
867	0.00357	0.00987
870	0.00356	0.00984
873	0.00355	0.00981
876	0.00354	0.00978
879	0.00353	0.00975
882	0.00351	0.00972
885	0.0035	0.0097
887	0.00349	0.00967
890	0.00348	0.00964
893	0.00347	0.00962
896	0.00346	0.00959
899	0.00345	0.00957
901	0.00345	0.00954
904	0.00344	0.00952
907	0.00343	0.00949
910	0.00342	0.00947
912	0.00341	0.00945
915	0.0034	0.00942
918	0.00339	0.0094
920	0.00338	0.00938
923	0.00337	0.00936
925	0.00337	0.00934
928	0.00336	0.00932
930	0.00335	0.0093
933	0.00334	0.00928
935	0.00334	0.00926
937	0.00333	0.00924
940	0.00332	0.00922
942	0.00332	0.00921
944	0.00331	0.00919
946	0.0033	0.00917
949	0.0033	0.00916
951	0.00329	0.00914
953	0.00328	0.00913
955	0.00328	0.00911
957	0.00327	0.0091
959	0.00327	0.00908
961	0.00326	0.00907
964	0.00326	0.00906
966	0.00325	0.00904
968	0.00324	0.00903
969	0.00324	0.00902
971	0.00323	0.00901
973	0.00323	0.00899
975	0.00323	0.00898
977	0.00322	0.00897
979	0.00322	0.00896
981	0.00321	0.00895
982	0.00321	0.00894
984	0.0032	0.00893
986	0.0032	0.00893
988	0.0032	0.00892
989	0.00319	0.00891
991	0.00319	0.0089
992	0.00319	0.0089
994	0.00318	0.00889
996	0.00318	0.00888
997	0.00318	0.00888
999	0.00317	0.00887
1000	0.00317	0.00887
1000	0.00317	0.00886
1000	0.00316	0.00886
1000	0.00316	0.00886
1010	0.00316	0.00885
1010	0.00316	0.00885
1010	0.00316	0.00885
1010	0.00315	0.00885
1010	0.00315	0.00885
1010	0.00315	0.00885
1010	0.00315	0.00885
1020	0.00315	0.00885
1020	0.00315	0.00886
1020	0.00315	0.00886
1020	0.00315	0.00886
1020	0.00315	0.00887
1020	0.00315	0.00888
1020	0.00315	0.00889
1020	0.00315	0.0089
1020	0.00315	0.00892
1020	0.00315	0.00893
1020	0.00316	0.00894
1020	0.00316	0.00896
1030	0.00316	0.00898
1030	0.00315	0.00895
1030	0.00315	0.00897
1030	0.00315	0.00899
1030	0.00315	0.00901
1030	0.00316	0.00903
1030	0.00316	0.00905
1030	0.00316	0.00908
1030	0.00317	0.0091
1030	0.00331	0.00945
1030	0.0033	0.00946
1030	0.0033	0.00946
1030	0.00329	0.00946
1030	0.00329	0.00948
1030	0.00328	0.00949
1030	0.00328	0.0095
1040	0.00328	0.00952
1040	0.00328	0.00955
1040	0.00329	0.00958
1040	0.0033	0.00961
1040	0.00329	0.00962
1040	0.0033	0.00965
1040	0.00329	0.00965
1040	0.00329	0.00966
1040	0.00329	0.00969
1040	0.00329	0.0097
1040	0.0033	0.00974
1040	0.00331	0.00976
1050	0.00331	0.00979
1050	0.00331	0.00981
1050	0.00332	0.00983
1050	0.00332	0.00986
1050	0.00333	0.00988
1050	0.00333	0.00991
1050	0.00334	0.00993
1050	0.00334	0.00996
1050	0.00335	0.00998
1050	0.00335	0.01
1050	0.00336	0.01
1060	0.00336	0.0101
1060	0.00337	0.0101
1060	0.00337	0.0101
1060	0.00338	0.0101
1060	0.00338	0.0101
1060	0.00339	0.0102
1060	0.00339	0.0102
1060	0.0034	0.0102
1060	0.0034	0.0102
1060	0.00341	0.0103
1070	0.00341	0.0103
1070	0.00342	0.0103
1070	0.00343	0.0103
1070	0.00343	0.0103
1070	0.00344	0.0104
1070	0.00344	0.0104
1070	0.00345	0.0104
1070	0.00346	0.0104
1070	0.00346	0.0105
1070	0.00347	0.0105
1070	0.00348	0.0105
1080	0.00348	0.0106
1080	0.00349	0.0106
1080	0.0035	0.0106
1080	0.00351	0.0106
1080	0.00351	0.0107
1080	0.00352	0.0107
1080	0.00353	0.0107
1080	0.00353	0.0107
1080	0.00355	0.0108
1080	0.00355	0.0108
1080	0.00356	0.0108
1080	0.00356	0.0108
1080	0.00357	0.0109
1090	0.00357	0.0109
1090	0.00358	0.0109
1090	0.00359	0.0109
1090	0.00359	0.011
1090	0.0036	0.011
1090	0.00361	0.011
1090	0.00362	0.011
1090	0.00362	0.0111
1090	0.00363	0.0111
1090	0.00364	0.0111
1100	0.00365	0.0112
1100	0.00366	0.0112
1100	0.00367	0.0112
1100	0.00368	0.0113
1100	0.00369	0.0113
1100	0.0037	0.0114
1100	0.00371	0.0114
1100	0.00372	0.0114
1100	0.00374	0.0115
1110	0.00375	0.0115
1110	0.00376	0.0116
1110	0.00378	0.0117
1110	0.0038	0.0117
1110	0.00382	0.0118
1110	0.00383	0.0118
1110	0.00385	0.0119
1110	0.00386	0.0119
1110	0.00387	0.012
1110	0.00389	0.012
1110	0.0039	0.0121
1110	0.00391	0.0121
1110	0.00393	0.0121
1110	0.00394	0.0122
1110	0.00395	0.0122
1110	0.00397	0.0123
1110	0.00398	0.0123
1110	0.00399	0.0124
1110	0.00401	0.0124
1110	0.00402	0.0125
1110	0.00404	0.0125
1110	0.00405	0.0126
1110	0.00407	0.0126
1110	0.00408	0.0127
1120	0.0041	0.0127
1120	0.00411	0.0128
1120	0.00413	0.0128
1120	0.00415	0.0129
1120	0.00416	0.0129
1120	0.00418	0.013
1120	0.00419	0.013
1120	0.00421	0.0131
1120	0.00423	0.0131
1120	0.00424	0.0132
1120	0.00426	0.0132
1120	0.00428	0.0133
1120	0.00429	0.0134
1120	0.00431	0.0134
1120	0.00433	0.0135
1120	0.00435	0.0135
1130	0.00436	0.0136
1130	0.00438	0.0137
1130	0.0044	0.0137
1130	0.00442	0.0138
1130	0.00444	0.0139
1130	0.00447	0.0139
1130	0.00449	0.014
1130	0.00452	0.0141
1130	0.00454	0.0142
1130	0.00456	0.0142
1130	0.00458	0.0143
1130	0.0046	0.0143
1130	0.00463	0.0144
1130	0.00465	0.0145
1130	0.00467	0.0146
1130	0.00469	0.0146
1130	0.00472	0.0147
1130	0.00474	0.0148
1130	0.00476	0.0148
1130	0.00479	0.0149
1130	0.00481	0.015
1140	0.00483	0.015
1140	0.00486	0.0151
1140	0.00488	0.0152
1140	0.00491	0.0153
1140	0.00493	0.0153
1140	0.00496	0.0154
1140	0.00498	0.0155
1140	0.00501	0.0156
1140	0.00504	0.0156
1140	0.00506	0.0157
1140	0.00509	0.0158
1140	0.00512	0.0159
1140	0.00515	0.0159
1150	0.00517	0.016
1150	0.0052	0.0161
1150	0.00523	0.0162
1150	0.00526	0.0163
1150	0.00529	0.0163
1150	0.00532	0.0164
1150	0.00535	0.0165
1150	0.00538	0.0166
1150	0.00541	0.0167
1150	0.00545	0.0167
1160	0.00548	0.0168
1160	0.00551	0.0169
1160	0.00555	0.017
1160	0.00558	0.0171
1160	0.00562	0.0172
1160	0.00566	0.0173
1160	0.0057	0.0173
1160	0.00573	0.0174
1160	0.00577	0.0175
1160	0.00581	0.0176
1170	0.00585	0.0177
1170	0.00589	0.0178
1170	0.00593	0.0178
1170	0.00597	0.0179
1170	0.00601	0.018
1170	0.00605	0.0181
1170	0.00609	0.0181
1170	0.00613	0.0182
1170	0.00617	0.0183
1170	0.00621	0.0184
1170	0.00625	0.0184
1180	0.00629	0.0185
1180	0.00633	0.0185
1180	0.00637	0.0186
1180	0.00641	0.0186
1180	0.00645	0.0187
1180	0.00648	0.0187
1180	0.00652	0.0188
1180	0.00656	0.0188
1190	0.0066	0.0189
1190	0.00663	0.0189
1190	0.00666	0.0189
1190	0.0067	0.0189
1190	0.00673	0.0189
1190	0.00676	0.0189
1190	0.00679	0.019
1200	0.00682	0.019
1200	0.00685	0.019
1200	0.00687	0.0189
1200	0.00689	0.0189
1200	0.00692	0.0189
1210	0.00693	0.0189
1210	0.00694	0.0188
1210	0.00695	0.0187
1210	0.00695	0.0187
1210	0.00693	0.0185
1210	0.0069	0.0184
1210	0.00689	0.0184
1210	0.00688	0.0184
1210	0.00689	0.0185
1210	0.00691	0.0186
1210	0.00692	0.0186
1210	0.00691	0.0186
1210	0.00687	0.0186
1210	0.00684	0.0185
1210	0.00681	0.0184
1210	0.00676	0.0183
1210	0.00671	0.0182
1210	0.00666	0.0181
1210	0.0066	0.0179
1210	0.00655	0.0178
1210	0.00653	0.0178
1210	0.00651	0.0177
1210	0.00651	0.0177
1210	0.00652	0.0178
1210	0.00656	0.0179
1210	0.00663	0.0181
1210	0.00669	0.0182
1210	0.00671	0.0183
1220	0.00673	0.0183
1210	0.00671	0.0183
1210	0.00667	0.0182
1210	0.00659	0.018
1210	0.00654	0.0179
1210	0.0065	0.0178
1210	0.00649	0.0178

