33.9	0.183	0.32
34	0.183	0.32
34.2	0.182	0.319
34.3	0.182	0.318
34.4	0.181	0.318
34.5	0.181	0.317
34.6	0.18	0.316
34.7	0.18	0.315
34.8	0.179	0.314
34.9	0.179	0.314
35	0.178	0.313
35.2	0.178	0.312
35.3	0.177	0.311
35.4	0.177	0.31
35.5	0.176	0.31
35.6	0.176	0.309
35.8	0.175	0.308
35.9	0.174	0.307
36	0.174	0.306
36.2	0.173	0.305
36.3	0.173	0.305
36.4	0.172	0.304
36.6	0.172	0.303
36.7	0.171	0.302
36.8	0.17	0.301
37	0.17	0.3
37.1	0.169	0.299
37.3	0.169	0.298
37.4	0.168	0.297
37.6	0.167	0.296
37.8	0.167	0.295
37.9	0.166	0.294
38.1	0.165	0.293
38.3	0.165	0.292
38.4	0.164	0.291
38.6	0.163	0.29
38.8	0.163	0.289
38.9	0.162	0.288
39.1	0.161	0.287
39.3	0.161	0.286
39.5	0.16	0.285
39.7	0.159	0.284
39.8	0.159	0.283
40	0.158	0.282
40.2	0.157	0.281
40.4	0.157	0.28
40.6	0.156	0.279
40.8	0.155	0.278
41	0.154	0.277
41.2	0.154	0.275
41.5	0.153	0.274
41.7	0.152	0.273
41.9	0.151	0.272
42.1	0.151	0.271
42.4	0.15	0.27
42.6	0.149	0.268
42.9	0.148	0.267
43.1	0.147	0.266
43.4	0.147	0.264
43.6	0.146	0.263
43.9	0.145	0.262
44.2	0.144	0.26
44.4	0.143	0.259
44.7	0.142	0.258
45	0.141	0.256
45.3	0.141	0.255
45.6	0.14	0.254
45.9	0.139	0.252
46.2	0.138	0.251
46.5	0.137	0.249
46.8	0.136	0.248
47.2	0.135	0.246
47.5	0.134	0.245
47.8	0.133	0.243
48.2	0.132	0.242
48.5	0.131	0.24
48.8	0.13	0.239
49.2	0.129	0.237
49.6	0.128	0.236
49.9	0.127	0.234
50.3	0.126	0.232
50.7	0.125	0.231
51	0.124	0.229
51.5	0.123	0.227
51.9	0.122	0.225
52.3	0.121	0.224
52.7	0.12	0.222
53	0.119	0.22
53.4	0.118	0.218
53.8	0.117	0.217
54.1	0.116	0.215
54.5	0.115	0.213
54.8	0.114	0.211
55.1	0.112	0.21
55.3	0.111	0.208
55.5	0.11	0.206
55.7	0.109	0.205
55.8	0.108	0.203
55.8	0.107	0.201
55.7	0.106	0.2
55.6	0.106	0.199
55.5	0.105	0.197
55.3	0.104	0.196
55.1	0.104	0.195
54.9	0.103	0.194
54.7	0.102	0.193
54.5	0.102	0.192
54.3	0.101	0.192
54.1	0.101	0.191
53.9	0.1	0.19
53.7	0.0997	0.189
53.6	0.0992	0.188
53.4	0.0987	0.187
53.2	0.0982	0.187
53	0.0977	0.186
52.8	0.0973	0.185
52.6	0.0968	0.185
52.4	0.0964	0.184
52.2	0.0959	0.183
52	0.0955	0.182
51.8	0.0951	0.182
51.6	0.0946	0.181
51.4	0.0942	0.181
51.3	0.0938	0.18
51.1	0.0934	0.179
50.9	0.093	0.179
50.7	0.0926	0.178
50.5	0.0922	0.178
50.3	0.0918	0.177
50.1	0.0915	0.176
49.9	0.0911	0.176
49.8	0.0907	0.175
49.6	0.0903	0.175
49.4	0.0902	0.175
49.2	0.0898	0.174
49.1	0.0894	0.173
48.9	0.089	0.173
48.7	0.0886	0.172
48.6	0.0882	0.172
48.4	0.0878	0.171
48.3	0.0873	0.17
48.2	0.0869	0.17
48	0.0821	0.163
47.9	0.0839	0.166
47.8	0.0809	0.161
47.7	0.0798	0.16
47.7	0.079	0.159
47.8	0.0781	0.158
48	0.0772	0.157
48.3	0.0758	0.156
48.7	0.0756	0.157
49.1	0.0753	0.157
49.5	0.0747	0.157
50	0.0741	0.158
50.4	0.0736	0.157
50.9	0.0731	0.158
51.4	0.0726	0.157
51.8	0.0721	0.157
52.3	0.0716	0.157
52.8	0.0713	0.157
53	0.0712	0.157
53.4	0.0707	0.157
54	0.0701	0.156
54.6	0.0695	0.156
55.2	0.0689	0.155
55.9	0.0682	0.154
56.6	0.0675	0.153
57.3	0.0667	0.152
58.1	0.0659	0.15
58.9	0.0651	0.149
59.8	0.0643	0.147
60.6	0.0635	0.146
61.4	0.0628	0.145
62.3	0.0619	0.143
63.3	0.0611	0.141
64.3	0.0602	0.14
65.3	0.0593	0.138
66.3	0.0585	0.136
67.4	0.0576	0.135
68.5	0.0568	0.133
69.6	0.056	0.131
70.6	0.0552	0.13
71.7	0.0544	0.128
72.9	0.0536	0.126
74	0.0529	0.125
75.1	0.0522	0.123
76.3	0.0514	0.122
77.6	0.0506	0.12
78.9	0.0499	0.119
80.1	0.0491	0.117
81.5	0.0484	0.115
82.8	0.0477	0.114
84.2	0.0469	0.112
85.6	0.0462	0.111
87	0.0455	0.109
88.4	0.0448	0.108
89.8	0.0441	0.106
91.4	0.0435	0.105
92.9	0.0428	0.103
94.4	0.0421	0.102
96	0.0415	0.101
97.7	0.0408	0.0991
99.4	0.0402	0.0977
101	0.0395	0.0963
103	0.0389	0.095
105	0.0383	0.0936
106	0.0377	0.0923
108	0.0371	0.0909
110	0.0365	0.0896
112	0.0359	0.0883
114	0.0353	0.087
116	0.0348	0.0857
118	0.0342	0.0845
120	0.0337	0.0832
122	0.0331	0.0819
124	0.0326	0.0807
127	0.032	0.0795
129	0.0315	0.0783
131	0.031	0.0771
134	0.0304	0.0759
136	0.0299	0.0747
138	0.0294	0.0735
141	0.0289	0.0724
143	0.0284	0.0712
146	0.028	0.0701
149	0.0275	0.069
152	0.027	0.0679
154	0.0266	0.0669
157	0.0261	0.0659
160	0.0257	0.0648
163	0.0252	0.0637
166	0.0248	0.0627
169	0.0244	0.0616
172	0.0239	0.0606
176	0.0235	0.0596
179	0.0231	0.0585
183	0.0226	0.0576
186	0.0222	0.0566
190	0.0218	0.0556
193	0.0215	0.0547
197	0.0211	0.0537
201	0.0207	0.0528
205	0.0203	0.0519
209	0.0199	0.051
213	0.0195	0.0501
217	0.0192	0.0492
222	0.0188	0.0483
226	0.0185	0.0474
231	0.0181	0.0466
235	0.0178	0.0457
240	0.0174	0.0449
245	0.0171	0.0441
250	0.0168	0.0433
255	0.0165	0.0425
260	0.0161	0.0417
265	0.0158	0.0409
271	0.0155	0.0401
276	0.0152	0.0394
282	0.0149	0.0387
288	0.0146	0.038
294	0.0144	0.0372
300	0.0141	0.0365
306	0.0138	0.0358
312	0.0135	0.0352
319	0.0133	0.0345
325	0.013	0.0339
332	0.0128	0.0332
338	0.0125	0.0326
345	0.0123	0.032
352	0.012	0.0314
359	0.0118	0.0309
366	0.0116	0.0303
374	0.0114	0.0297
381	0.0112	0.0292
389	0.011	0.0287
396	0.0107	0.0281
405	0.0105	0.0276
413	0.0103	0.0271
421	0.0101	0.0266
430	0.00992	0.026
439	0.00973	0.0256
448	0.00954	0.0251
457	0.00935	0.0246
466	0.00917	0.0241
476	0.00899	0.0237
486	0.00881	0.0232
496	0.00864	0.0228
506	0.00847	0.0223
516	0.0083	0.0219
527	0.00814	0.0215
538	0.00798	0.0211
548	0.00783	0.0207
559	0.00768	0.0203
570	0.00753	0.0199
582	0.00739	0.0195
593	0.00725	0.0192
604	0.00712	0.0188
615	0.007	0.0185
626	0.00688	0.0182
636	0.00677	0.0179
647	0.00666	0.0176
657	0.00656	0.0174
667	0.00646	0.0171
677	0.00637	0.0169
686	0.00629	0.0167
695	0.00621	0.0165
704	0.00613	0.0163
712	0.00606	0.0161
720	0.006	0.0159
729	0.00593	0.0158
737	0.00587	0.0156
744	0.00581	0.0154
752	0.00575	0.0153
760	0.00569	0.0151
768	0.00564	0.015
775	0.00559	0.0149
783	0.00553	0.0147
790	0.00548	0.0146
798	0.00543	0.0145
805	0.00538	0.0143
812	0.00534	0.0142
820	0.00529	0.0141
827	0.00525	0.014
834	0.0052	0.0139
842	0.00516	0.0138
849	0.00512	0.0137
856	0.00508	0.0135
863	0.00504	0.0134
870	0.005	0.0133
877	0.00496	0.0132
884	0.00492	0.0131
891	0.00488	0.013
898	0.00485	0.013
905	0.00481	0.0129
911	0.00478	0.0128
918	0.00474	0.0127
924	0.00471	0.0126
931	0.00468	0.0125
937	0.00465	0.0124
944	0.00462	0.0124
950	0.00459	0.0123
956	0.00456	0.0122
962	0.00453	0.0121
968	0.00451	0.0121
974	0.00448	0.012
980	0.00445	0.0119
986	0.00443	0.0119
992	0.0044	0.0118
997	0.00438	0.0117
1000	0.00435	0.0117
1010	0.00433	0.0116
1010	0.00431	0.0116
1020	0.00428	0.0115
1030	0.00426	0.0114
1030	0.00424	0.0114
1040	0.00422	0.0113
1040	0.0042	0.0113
1050	0.00418	0.0112
1050	0.00415	0.0112
1060	0.00413	0.0111
1060	0.00411	0.0111
1070	0.00409	0.011
1070	0.00408	0.011
1080	0.00406	0.0109
1080	0.00404	0.0109
1090	0.00402	0.0108
1090	0.004	0.0108
1100	0.00399	0.0107
1100	0.00397	0.0107
1110	0.00395	0.0106
1110	0.00394	0.0106
1120	0.00392	0.0105
1120	0.0039	0.0105
1130	0.00389	0.0105
1130	0.00387	0.0104
1140	0.00386	0.0104
1140	0.00384	0.0103
1150	0.00383	0.0103
1150	0.00381	0.0103
1160	0.0038	0.0102
1160	0.00378	0.0102
1170	0.00377	0.0102
1170	0.00376	0.0101
1170	0.00374	0.0101
1180	0.00373	0.0101
1180	0.00372	0.01
1190	0.0037	0.00999
1190	0.00369	0.00995
1200	0.00368	0.00992
1200	0.00367	0.00989
1200	0.00365	0.00986
1210	0.00364	0.00983
1210	0.00363	0.00979
1220	0.00362	0.00976
1220	0.00361	0.00973
1230	0.00359	0.0097
1230	0.00358	0.00967
1230	0.00357	0.00964
1240	0.00356	0.00962
1240	0.00355	0.00959
1250	0.00354	0.00956
1250	0.00353	0.00953
1250	0.00352	0.0095
1260	0.00351	0.00948
1260	0.0035	0.00945
1270	0.00349	0.00942
1270	0.00348	0.0094
1270	0.00347	0.00937
1280	0.00346	0.00935
1280	0.00345	0.00932
1290	0.00344	0.0093
1290	0.00343	0.00927
1290	0.00342	0.00925
1300	0.00341	0.00922
1300	0.0034	0.0092
1300	0.00339	0.00918
1310	0.00338	0.00915
1310	0.00337	0.00913
1310	0.00336	0.00911
1320	0.00336	0.00909
1320	0.00335	0.00906
1320	0.00334	0.00904
1330	0.00333	0.00902
1330	0.00332	0.009
1340	0.00331	0.00898
1340	0.00331	0.00896
1340	0.0033	0.00894
1350	0.00329	0.00892
1350	0.00328	0.0089
1350	0.00328	0.00888
1360	0.00327	0.00886
1360	0.00326	0.00884
1360	0.00325	0.00882
1370	0.00325	0.00881
1370	0.00324	0.00879
1370	0.00323	0.00877
1370	0.00323	0.00875
1380	0.00322	0.00874
1380	0.00321	0.00872
1380	0.00321	0.0087
1390	0.0032	0.00868
1390	0.00319	0.00867
1390	0.00319	0.00865
1400	0.00318	0.00864
1400	0.00317	0.00862
1400	0.00317	0.0086
1400	0.00316	0.00859
1410	0.00316	0.00857
1410	0.00315	0.00856
1410	0.00314	0.00854
1420	0.00314	0.00853
1420	0.00313	0.00851
1420	0.00313	0.0085
1420	0.00312	0.00848
1430	0.00312	0.00847
1430	0.00311	0.00846
1430	0.00311	0.00844
1440	0.0031	0.00843
1440	0.0031	0.00842
1440	0.00309	0.0084
1440	0.00308	0.00839
1450	0.00308	0.00838
1450	0.00307	0.00836
1450	0.00307	0.00835
1450	0.00306	0.00834
1460	0.00306	0.00833
1460	0.00305	0.00831
1460	0.00305	0.0083
1460	0.00305	0.00829
1470	0.00304	0.00828
1470	0.00304	0.00827
1470	0.00303	0.00826
1470	0.00303	0.00824
1480	0.00302	0.00823
1480	0.00302	0.00822
1480	0.00301	0.00821
1480	0.00301	0.0082
1490	0.00301	0.00819
1490	0.003	0.00818
1490	0.003	0.00817
1490	0.00299	0.00816
1490	0.00299	0.00815
1500	0.00299	0.00814
1500	0.00298	0.00813
1500	0.00298	0.00812
1500	0.00297	0.00811
1510	0.00297	0.0081
1510	0.00297	0.00809
1510	0.00296	0.00808
1510	0.00296	0.00807
1510	0.00295	0.00806
1520	0.00295	0.00805
1520	0.00295	0.00804
1520	0.00294	0.00803
1520	0.00294	0.00802
1520	0.00294	0.00801
1530	0.00293	0.00801
1530	0.00293	0.008
1530	0.00293	0.00799
1530	0.00292	0.00798
1540	0.00292	0.00797
1540	0.00292	0.00796
1540	0.00291	0.00796
1540	0.00291	0.00795
1540	0.00291	0.00794
1540	0.0029	0.00793
1550	0.0029	0.00792
1550	0.0029	0.00792
1550	0.00289	0.00791
1550	0.00289	0.0079
1550	0.00289	0.00789
1560	0.00289	0.00789
1560	0.00288	0.00788
1560	0.00288	0.00787
1560	0.00288	0.00786
1560	0.00287	0.00786
1570	0.00287	0.00785
1570	0.00287	0.00784
1570	0.00287	0.00784
1570	0.00286	0.00783
1570	0.00286	0.00782
1570	0.00286	0.00782
1580	0.00285	0.00781
1580	0.00285	0.0078
1580	0.00285	0.0078
1580	0.00285	0.00779
1580	0.00284	0.00779
1580	0.00284	0.00778
1590	0.00284	0.00777
1590	0.00284	0.00777
1590	0.00283	0.00776
1590	0.00283	0.00775
1590	0.00283	0.00775
1590	0.00283	0.00774
1600	0.00282	0.00774
1600	0.00282	0.00773
1600	0.00282	0.00773
1600	0.00282	0.00772
1600	0.00281	0.00771
1600	0.00281	0.00771
1610	0.00281	0.0077
1610	0.00281	0.0077
1610	0.00281	0.00769
1610	0.0028	0.00769
1610	0.0028	0.00768
1610	0.0028	0.00768
1610	0.0028	0.00767
1620	0.0028	0.00767
1620	0.00279	0.00766
1620	0.00279	0.00766
1620	0.00279	0.00765
1620	0.00279	0.00765
1620	0.00278	0.00764
1620	0.00278	0.00764
1630	0.00278	0.00763
1630	0.00278	0.00763
1630	0.00278	0.00762
1630	0.00278	0.00762
1630	0.00277	0.00761
1630	0.00277	0.00761
1630	0.00277	0.0076
1640	0.00277	0.0076
1640	0.00277	0.0076
1640	0.00276	0.00759
1640	0.00276	0.00759
1640	0.00276	0.00758
1640	0.00276	0.00758
1640	0.00276	0.00757
1650	0.00276	0.00757
1650	0.00275	0.00757
1650	0.00275	0.00756
1650	0.00275	0.00756
1650	0.00275	0.00755
1650	0.00275	0.00755
1650	0.00274	0.00755
1650	0.00274	0.00754
1660	0.00274	0.00754
1660	0.00274	0.00754
1660	0.00274	0.00753
1660	0.00274	0.00753
1660	0.00274	0.00752
1660	0.00273	0.00752
1660	0.00273	0.00752
1660	0.00273	0.00751
1670	0.00273	0.00751
1670	0.00273	0.00751
1670	0.00273	0.0075
1670	0.00272	0.0075
1670	0.00272	0.0075
1670	0.00272	0.00749
1670	0.00272	0.00749
1670	0.00272	0.00749
1680	0.00272	0.00748
1680	0.00272	0.00748
1680	0.00271	0.00748
1680	0.00271	0.00747
1680	0.00271	0.00747
1680	0.00271	0.00747
1680	0.00271	0.00746
1680	0.00271	0.00746
1690	0.00271	0.00746
1690	0.0027	0.00745
1690	0.0027	0.00745
1690	0.0027	0.00745
1690	0.0027	0.00744
1690	0.0027	0.00744
1690	0.0027	0.00744
1690	0.0027	0.00744
1690	0.0027	0.00743
1690	0.00269	0.00743
1700	0.00269	0.00743
1700	0.00269	0.00742
1700	0.00269	0.00742
1700	0.00269	0.00742
1700	0.00269	0.00742
1700	0.00269	0.00741
1700	0.00269	0.00741
1700	0.00268	0.00741
1700	0.00268	0.00741
1710	0.00268	0.0074
1710	0.00268	0.0074
1710	0.00268	0.0074
1710	0.00268	0.0074
1710	0.00268	0.00739
1710	0.00268	0.00739
1710	0.00268	0.00739
1710	0.00267	0.00739
1710	0.00267	0.00738
1710	0.00267	0.00738
1720	0.00267	0.00738
1720	0.00267	0.00738
1720	0.00267	0.00737
1720	0.00267	0.00737
1720	0.00267	0.00737
1720	0.00267	0.00737
1720	0.00266	0.00736
1720	0.00266	0.00736
1720	0.00266	0.00736
1720	0.00266	0.00736
1730	0.00266	0.00736
1730	0.00266	0.00735
1730	0.00266	0.00735
1730	0.00266	0.00735
1730	0.00266	0.00735
1730	0.00266	0.00734
1730	0.00266	0.00734
1730	0.00266	0.00734
1730	0.00266	0.00734
1730	0.00266	0.00734
1730	0.00266	0.00735
1730	0.00266	0.00735
1730	0.00266	0.00735
1730	0.00266	0.00735
1730	0.00266	0.00735
1730	0.00266	0.00735
1730	0.00266	0.00735
1730	0.00266	0.00735
1730	0.00266	0.00735
1730	0.00266	0.00735
1730	0.00266	0.00735
1730	0.00266	0.00735
1730	0.00266	0.00735
1730	0.00266	0.00735
1730	0.00266	0.00735
1730	0.00267	0.00737
1730	0.00267	0.00737
1730	0.00267	0.00737
1730	0.00267	0.00737
1730	0.00267	0.00737
1730	0.00267	0.00737
1730	0.00267	0.00736
1730	0.00267	0.00736
1740	0.00267	0.00736
1740	0.00266	0.00736
1740	0.00266	0.00735
1740	0.00266	0.00735
1740	0.00266	0.00735
1740	0.00266	0.00735
1740	0.00266	0.00734
1740	0.00266	0.00734
1740	0.00266	0.00734
1740	0.00266	0.00734
1750	0.00266	0.00733
1750	0.00265	0.00733
1750	0.00265	0.00733
1750	0.00265	0.00733
1750	0.00265	0.00733
1750	0.00265	0.00732
1750	0.00265	0.00732
1750	0.00265	0.00732
1750	0.00265	0.00732
1750	0.00265	0.00731
1750	0.00264	0.0073
1750	0.00265	0.00732
1760	0.00265	0.00732
1760	0.00265	0.00731
1760	0.00264	0.00731
1760	0.00264	0.00731
1760	0.00264	0.00731
1760	0.00264	0.00731
1760	0.00264	0.0073
1760	0.00264	0.0073
1760	0.00264	0.0073
1760	0.00264	0.0073
1760	0.00264	0.0073
1760	0.00264	0.00729
1770	0.00264	0.00729
1770	0.00264	0.00729
1770	0.00264	0.00729
1770	0.00264	0.00729
1770	0.00264	0.00729
1770	0.00263	0.00728
1770	0.00263	0.00728
1770	0.00263	0.00728
1770	0.00263	0.00728
1770	0.00263	0.00728
1770	0.00263	0.00728
1770	0.00263	0.00727
1780	0.00263	0.00727
1780	0.00263	0.00727
1780	0.00263	0.00727
1780	0.00263	0.00727
1780	0.00263	0.00727
1780	0.00263	0.00727
1780	0.00263	0.00726
1780	0.00263	0.00726
1780	0.00263	0.00726
1780	0.00262	0.00726
1780	0.00263	0.00727
1780	0.00262	0.00726
1780	0.00262	0.00725
1790	0.00262	0.00725
1790	0.00262	0.00725
1790	0.00262	0.00725
1790	0.00262	0.00725
1790	0.00262	0.00725
1790	0.00262	0.00725
1790	0.00262	0.00724
1790	0.00262	0.00724
1790	0.00262	0.00724
1790	0.00262	0.00724
1790	0.00262	0.00724
1790	0.00262	0.00724
1790	0.00262	0.00724
1800	0.00262	0.00724
1800	0.00262	0.00723
1800	0.00261	0.00723
1800	0.00261	0.00723
1800	0.00261	0.00723
1800	0.00261	0.00723
1800	0.00261	0.00723
1800	0.00261	0.00723
1800	0.00261	0.00723
1800	0.00261	0.00723
1800	0.00261	0.00723
1800	0.00261	0.00723
1800	0.00261	0.00723
1800	0.00261	0.00722
1810	0.00261	0.00722
1810	0.00261	0.00722
1810	0.00261	0.00722
1810	0.00261	0.00722
1810	0.00261	0.00722
1810	0.00261	0.00722
1810	0.0026	0.00722
1810	0.0026	0.00722
1810	0.0026	0.00722
1810	0.0026	0.00722
1810	0.0026	0.00722
1810	0.0026	0.00722
1810	0.0026	0.00722
1810	0.0026	0.00722
1810	0.0026	0.00722
1820	0.00261	0.00722
1820	0.00262	0.00723
1820	0.00262	0.00724
1820	0.00262	0.00724
1820	0.00262	0.00724
1820	0.00262	0.00724
1820	0.00262	0.00724
1820	0.00262	0.00724
1820	0.00262	0.00724
1820	0.00262	0.00723
1820	0.00262	0.00723
1820	0.00261	0.00723
1820	0.00261	0.00723
1820	0.00261	0.00723
1820	0.00261	0.00723
1820	0.00261	0.00723
1820	0.00261	0.00723
1820	0.00261	0.00723
1820	0.00261	0.00723
1830	0.00261	0.00723
1830	0.00261	0.00723
1830	0.00261	0.00723
1830	0.00261	0.00723
1830	0.00261	0.00723
1830	0.00261	0.00723
1830	0.00261	0.00723
1830	0.00262	0.00722
1830	0.00261	0.00722
1830	0.00261	0.00722
1830	0.00261	0.00722
1830	0.00261	0.00722
1830	0.00261	0.00722
1830	0.00262	0.00722
1830	0.00262	0.00723
1830	0.00262	0.00723
1830	0.00262	0.00723
1830	0.00262	0.00722
1830	0.00262	0.00722
1830	0.00262	0.00722
1840	0.00261	0.00722
1840	0.0026	0.00722
1840	0.0026	0.00722
1840	0.0026	0.00722
1840	0.0026	0.00722
1840	0.0026	0.00722
1840	0.0026	0.00722
1840	0.0026	0.00722
1840	0.0026	0.00722
1840	0.0026	0.00721
1840	0.0026	0.00721
1840	0.0026	0.00721
1840	0.0026	0.00721
1840	0.0026	0.00721
1840	0.0026	0.00721
1840	0.0026	0.00721
1850	0.0026	0.00721
1850	0.0026	0.00721
1850	0.0026	0.00721
1850	0.0026	0.00721
1850	0.0026	0.00721
1850	0.0026	0.00721
1850	0.0026	0.00721
1850	0.0026	0.00721
1850	0.0026	0.00721
1850	0.0026	0.00721
1850	0.0026	0.00721
1850	0.0026	0.00721
1850	0.0026	0.00721
1850	0.00258	0.00719
1850	0.00258	0.00719
1850	0.00258	0.00719
1850	0.00258	0.00719
1850	0.00258	0.00719
1850	0.00258	0.00719
1850	0.00258	0.00719
1850	0.00258	0.00719
1860	0.00258	0.00719
1860	0.00258	0.0072
1860	0.00258	0.00719
1860	0.00258	0.0072
1860	0.00258	0.00719
1860	0.00258	0.00719
1860	0.00258	0.00719
1860	0.00258	0.00719
1860	0.00258	0.00719
1860	0.00257	0.00719
1860	0.00257	0.00719
1860	0.00257	0.00719
1860	0.00257	0.00719
1860	0.00258	0.0072
1860	0.00258	0.0072
1860	0.00258	0.0072
1860	0.00258	0.0072
1860	0.00258	0.0072
1860	0.00258	0.0072
1870	0.00258	0.0072
1870	0.00256	0.00719
1870	0.00259	0.00722
1870	0.0026	0.00723
1870	0.0026	0.00723
1870	0.0026	0.00723
1870	0.0026	0.00723
1870	0.0026	0.00723
1870	0.0026	0.00723
1870	0.0026	0.00723
1870	0.00258	0.00721
1870	0.00257	0.00721
1870	0.00257	0.00721
1870	0.00257	0.00721
1870	0.00257	0.0072
1870	0.00257	0.0072
1870	0.00257	0.0072
1880	0.00257	0.0072
1880	0.00257	0.0072
1880	0.00257	0.0072
1880	0.00257	0.0072
1880	0.00257	0.0072
1880	0.00257	0.0072
1880	0.00257	0.0072
1880	0.00257	0.0072
1880	0.00257	0.0072
1880	0.00257	0.0072
1880	0.00257	0.0072
1880	0.00259	0.00722
1880	0.00259	0.00722
1880	0.00259	0.00722
1880	0.00259	0.00722
1880	0.00259	0.00721
1880	0.00258	0.00721
1880	0.00258	0.00721
1890	0.00258	0.0072
1890	0.00258	0.0072
1890	0.00258	0.0072
1890	0.00258	0.0072
1890	0.00258	0.0072
1890	0.00258	0.0072
1890	0.00257	0.00719
1890	0.00257	0.0072
1890	0.00257	0.00719
1890	0.00257	0.00719
1890	0.00256	0.00719
1890	0.00256	0.00719
1890	0.00256	0.00719
1890	0.00256	0.00718
1890	0.00256	0.00718
1900	0.00256	0.00718
1900	0.00256	0.00718
1900	0.00256	0.00718
1900	0.00255	0.00718
1900	0.00255	0.00718
1900	0.00255	0.00718
1900	0.00255	0.00718
1900	0.00255	0.00718
1900	0.00255	0.00718
1900	0.00255	0.00718
1900	0.00255	0.00718
1900	0.00255	0.00718
1900	0.00255	0.00718
1900	0.00255	0.00717
1910	0.00255	0.00717
1910	0.00255	0.00717
1910	0.00255	0.00717
1910	0.00255	0.00717
1910	0.00255	0.00717
1910	0.00255	0.00717
1910	0.00255	0.00717
1910	0.00255	0.00717
1910	0.00254	0.00716
1910	0.00254	0.00716
1910	0.00254	0.00716
1910	0.00254	0.00716
1910	0.00254	0.00716
1910	0.00254	0.00716
1920	0.00254	0.00716
1920	0.00254	0.00716
1920	0.00254	0.00715
1920	0.00254	0.00715
1920	0.00254	0.00715
1920	0.00254	0.00715
1920	0.00254	0.00715
1920	0.00254	0.00715
1920	0.00254	0.00715
1920	0.00254	0.00715
1920	0.00253	0.00715
1920	0.00253	0.00715
1930	0.00253	0.00715
1930	0.00253	0.00715
1930	0.00253	0.00714
1930	0.00253	0.00714
1930	0.00251	0.00711
1930	0.00253	0.00714
1930	0.00253	0.00714
1930	0.00253	0.00714
1930	0.00253	0.00714
1930	0.00253	0.00714
1930	0.00253	0.00714
1930	0.00253	0.00714
1940	0.00253	0.00714
1940	0.00253	0.00714
1940	0.00253	0.00713
1940	0.00253	0.00713
1940	0.00253	0.00713
1940	0.00253	0.00713
1940	0.00253	0.00713
1940	0.00253	0.00713
1940	0.00253	0.00713
1940	0.00253	0.00713
1940	0.00252	0.00712
1950	0.00252	0.00712
1950	0.00252	0.00712
1950	0.00252	0.00712
1950	0.00252	0.00712
1950	0.00252	0.00712
1950	0.00252	0.00712
1950	0.00252	0.00712
1950	0.00252	0.00712
1950	0.00252	0.00712
1950	0.00252	0.00712
1950	0.00252	0.00711
1960	0.00252	0.00711
1960	0.00251	0.00711
1960	0.00251	0.00711
1960	0.00251	0.00711
1960	0.00251	0.00711
1960	0.00251	0.00711
1960	0.00251	0.00711
1960	0.00251	0.00711
1960	0.0025	0.0071
1960	0.0025	0.0071
1960	0.0025	0.0071
1960	0.0025	0.0071
1960	0.00249	0.0071
1960	0.00248	0.00709
1970	0.00251	0.00712
1970	0.00251	0.00712
1970	0.00251	0.00712
1970	0.00251	0.00712
1970	0.00251	0.00712
1970	0.00251	0.00712
1970	0.00251	0.00712
1970	0.00251	0.00712
1970	0.00251	0.00712
1970	0.00251	0.00712
1970	0.00251	0.00712
1970	0.00251	0.00712
1980	0.00251	0.00712
1980	0.00251	0.00712
1980	0.00251	0.00712
1980	0.00251	0.00712
1980	0.0025	0.00712
1980	0.00249	0.0071
1980	0.00249	0.0071
1980	0.00249	0.00711
1980	0.00249	0.0071
1980	0.0025	0.00712
1980	0.0025	0.00712
1980	0.0025	0.00713
1980	0.0025	0.00713
1980	0.0025	0.00713
1980	0.0025	0.00713
1980	0.0025	0.00713
1980	0.0025	0.00713
1990	0.0025	0.00713
1990	0.0025	0.00713
1990	0.0025	0.00713
1990	0.0025	0.00713
1990	0.00249	0.00713
1990	0.00249	0.00713
1990	0.00249	0.00713
1990	0.00249	0.00713
1990	0.00249	0.00713
1990	0.00249	0.00713
1990	0.00249	0.00713
1990	0.00249	0.00714
1990	0.00249	0.00714
1990	0.00249	0.00714
1990	0.00249	0.00714
1990	0.00249	0.00714
1990	0.00248	0.00714
2000	0.00248	0.00714
2000	0.00249	0.00714
2000	0.00248	0.00714
2000	0.00248	0.00714
2000	0.00248	0.00714
2000	0.00249	0.00714
2000	0.00248	0.00714
2000	0.00249	0.00715
2000	0.00249	0.00715
2000	0.00249	0.00715
2000	0.00249	0.00715
2000	0.00249	0.00715
2000	0.00249	0.00715
2000	0.00249	0.00716
2000	0.00249	0.00716
2000	0.00249	0.00716
2010	0.00249	0.00716
2010	0.00249	0.00716
2010	0.00249	0.00716
2010	0.00249	0.00717
2010	0.00249	0.00717
2010	0.00249	0.00717
2010	0.00249	0.00717
2010	0.00249	0.00717
2010	0.00249	0.00718
2010	0.00249	0.00718
2010	0.00249	0.00718
2010	0.00249	0.00718
2010	0.00249	0.00718
2010	0.00249	0.00719
2010	0.00249	0.00719
2010	0.00249	0.0072
2020	0.00249	0.0072
2020	0.00249	0.0072
2020	0.00249	0.00721
2020	0.00249	0.00721
2020	0.00249	0.00721
2020	0.00249	0.00721
2020	0.00249	0.00722
2020	0.00249	0.00722
2020	0.00249	0.00722
2020	0.00249	0.00723
2020	0.00249	0.00723
2020	0.0025	0.00723
2020	0.0025	0.00723
2020	0.0025	0.00724
2020	0.0025	0.00724
2020	0.0025	0.00724
2020	0.0025	0.00725
2020	0.0025	0.00725
2020	0.0025	0.00725
2020	0.0025	0.00725
2030	0.0025	0.00726
2030	0.0025	0.00726
2030	0.0025	0.00726
2030	0.0025	0.00727
2030	0.0025	0.00727
2030	0.0025	0.00727
2030	0.0025	0.00728
2030	0.0025	0.00728
2030	0.0025	0.00728
2030	0.0025	0.00729
2030	0.0025	0.00729
2030	0.0025	0.00729
2030	0.0025	0.0073
2030	0.00251	0.0073
2030	0.00251	0.00731
2030	0.00251	0.00731
2030	0.00251	0.00732
2030	0.00251	0.00732
2030	0.00251	0.00732
2030	0.00251	0.00733
2030	0.00251	0.00733
2030	0.00251	0.00733
2030	0.00251	0.00734
2030	0.00251	0.00734
2040	0.00251	0.00734
2040	0.00251	0.00735
2040	0.00251	0.00735
2040	0.00251	0.00736
2040	0.00251	0.00736
2040	0.00252	0.00737
2040	0.00252	0.00737
2040	0.00252	0.00737
2040	0.00252	0.00738
2040	0.00252	0.00738
2040	0.00252	0.00739
2040	0.00252	0.00739
2040	0.00252	0.0074
2040	0.00252	0.0074
2040	0.00252	0.0074
2040	0.00252	0.00741
2040	0.00252	0.00741
2040	0.00252	0.00742
2040	0.00253	0.00742
2040	0.00253	0.00742
2040	0.00253	0.00743
2040	0.00253	0.00743
2040	0.00253	0.00744
2040	0.00253	0.00744
2040	0.00253	0.00744
2040	0.00253	0.00745
2040	0.00253	0.00745
2040	0.00253	0.00746
2040	0.00253	0.00746
2050	0.00253	0.00747
2050	0.00253	0.00747
2050	0.00254	0.00747
2050	0.00254	0.00748
2050	0.00254	0.00748
2050	0.00254	0.00749
2050	0.00254	0.00749
2050	0.00254	0.0075
2050	0.00254	0.0075
2050	0.00254	0.0075
2050	0.00254	0.00751
2050	0.00254	0.00751
2050	0.00254	0.00752
2050	0.00255	0.00753
2050	0.00255	0.00753
2050	0.00255	0.00754
2050	0.00255	0.00755
2050	0.00255	0.00755
2050	0.00255	0.00756
2050	0.00255	0.00756
2050	0.00256	0.00757
2050	0.00256	0.00757
2050	0.00256	0.00757
2050	0.00256	0.00758
2050	0.00256	0.00758
2050	0.00256	0.00759
2050	0.00256	0.00759
2050	0.00256	0.0076
2050	0.00256	0.0076
2050	0.00257	0.00761
2050	0.00257	0.00761
2050	0.00257	0.00761
2050	0.00257	0.00762
2050	0.00257	0.00762
2050	0.00257	0.00762
2050	0.00257	0.00762
2050	0.00257	0.00763
2050	0.00257	0.00763
2050	0.00257	0.00764
2060	0.00257	0.00763
2060	0.00257	0.00764
2060	0.00257	0.00764
2060	0.00257	0.00765
2060	0.00257	0.00765
2060	0.00258	0.00765
2060	0.00257	0.00765
2060	0.00257	0.00765
2060	0.00258	0.00766
2060	0.00258	0.00766
2060	0.00258	0.00766
2060	0.00258	0.00767
2060	0.00258	0.00767
2060	0.00258	0.00767
2060	0.00258	0.00768
2060	0.00258	0.00768
2060	0.00258	0.00768
2060	0.00258	0.00768
2060	0.00258	0.00769
2060	0.00258	0.0077
2060	0.00259	0.0077
2060	0.00259	0.00771
2060	0.00259	0.00771
2060	0.00259	0.00772
2060	0.00259	0.00771
2060	0.00259	0.00771
2060	0.00259	0.00772
2060	0.00259	0.00772
2060	0.00259	0.00773
2060	0.00259	0.00773
2060	0.0026	0.00774
2060	0.0026	0.00774
2060	0.0026	0.00774
2060	0.0026	0.00775
2060	0.0026	0.00774
2060	0.0026	0.00774
2060	0.0026	0.00774
2060	0.0026	0.00774
2060	0.0026	0.00775
2060	0.0026	0.00775
2060	0.0026	0.00776
2060	0.0026	0.00776
2060	0.0026	0.00776
2060	0.0026	0.00776
2060	0.0026	0.00776
2060	0.0026	0.00776
2060	0.0026	0.00776
2060	0.0026	0.00776
2060	0.0026	0.00776
2060	0.0026	0.00777
2060	0.0026	0.00777
2060	0.00261	0.00777
2060	0.00261	0.00778
2060	0.00261	0.00778
2060	0.00261	0.00778
2070	0.00261	0.00777
2070	0.0026	0.00777
2070	0.00261	0.00777
2070	0.00261	0.00778
2070	0.00261	0.00779
2070	0.00261	0.0078
2070	0.00262	0.0078
2070	0.00262	0.0078
2070	0.00262	0.0078
2070	0.00262	0.00781
2070	0.00262	0.00781
2070	0.00262	0.0078
2070	0.00262	0.0078
2070	0.00261	0.0078
2070	0.00262	0.0078
2070	0.00262	0.0078
2070	0.00262	0.00781
2070	0.00262	0.00781
2070	0.00262	0.00781
2070	0.00262	0.00781
2070	0.00262	0.00782
2070	0.00262	0.00782
2070	0.00262	0.00782
2070	0.00262	0.00782
2070	0.00262	0.00782
2070	0.00262	0.00781
2070	0.00262	0.00781
2070	0.00262	0.00781
2070	0.00262	0.00781
2070	0.00262	0.00782
2070	0.00262	0.00782
2070	0.00262	0.00782
2070	0.00262	0.00782
2070	0.00262	0.00782
2070	0.00262	0.00782
2070	0.00262	0.00782
2070	0.00262	0.00783
2070	0.00262	0.00782
2070	0.00262	0.00782
2080	0.00262	0.00782
2080	0.00262	0.00782
2080	0.00262	0.00782
2080	0.00262	0.00782
2080	0.00262	0.00782
2080	0.00262	0.00782
2080	0.00262	0.00782
2080	0.00262	0.00782
2080	0.00262	0.00782
2080	0.00262	0.00782
2080	0.00262	0.00782
2080	0.00262	0.00781
2080	0.00262	0.00781
2080	0.00262	0.00782
2080	0.00262	0.00782
2080	0.00262	0.00782
2080	0.00262	0.00782
2080	0.00262	0.00782
2080	0.00262	0.00782
2080	0.00262	0.00782
2080	0.00262	0.00782
2080	0.00262	0.00782
2080	0.00262	0.00782
2080	0.00262	0.00782
2080	0.00262	0.00782
2080	0.00262	0.00782
2080	0.00262	0.00781
2080	0.00262	0.00782
2090	0.00262	0.00781
2080	0.00262	0.00781
2090	0.00262	0.00781
2090	0.00262	0.00781
2090	0.00262	0.00781
2090	0.00262	0.00781
2090	0.00262	0.00781
2090	0.00262	0.00781
2090	0.00262	0.0078
2090	0.00262	0.0078
2090	0.00262	0.0078
2090	0.00262	0.0078
2090	0.00262	0.0078
2090	0.00262	0.0078
2090	0.00261	0.0078
2090	0.00261	0.0078
2090	0.00261	0.00779
2090	0.00261	0.00779
2090	0.00261	0.0078
2090	0.00261	0.0078
2090	0.00261	0.0078
2090	0.00261	0.0078
2090	0.00261	0.0078
2090	0.00261	0.0078
2090	0.00261	0.0078
2090	0.00261	0.00779
2090	0.00261	0.00779
2090	0.00261	0.00779
2090	0.00261	0.0078
2090	0.00262	0.0078
2090	0.00262	0.00781
2090	0.00262	0.0078
2090	0.00262	0.0078
2090	0.00262	0.0078
2090	0.00261	0.00779
2090	0.00261	0.00779
2100	0.00261	0.00779
2100	0.00261	0.00779
2100	0.00261	0.00779
2100	0.00261	0.00779
2100	0.00261	0.00778
2100	0.00261	0.00778
2100	0.00261	0.00778
2100	0.00261	0.00778
2090	0.00261	0.00779
2100	0.00261	0.00779
2100	0.00261	0.00779
2100	0.00261	0.00778
2100	0.00261	0.00778
2100	0.00261	0.00778
2100	0.00261	0.00778
2100	0.00261	0.00778
2100	0.00261	0.00778
2100	0.00261	0.00777
2100	0.00261	0.00777
2100	0.00261	0.00777
2100	0.00261	0.00777
2100	0.00261	0.00777
2100	0.00261	0.00777
2100	0.00261	0.00776
2100	0.00261	0.00776
2100	0.00261	0.00776
2100	0.00261	0.00776
2100	0.00261	0.00776
2100	0.00261	0.00777
2100	0.00261	0.00776
2100	0.0026	0.00775
2100	0.0026	0.00775
2100	0.0026	0.00775
2100	0.0026	0.00775
2100	0.0026	0.00775
2100	0.0026	0.00775
2100	0.0026	0.00775
2100	0.0026	0.00775
2100	0.0026	0.00775
2100	0.0026	0.00775
2100	0.0026	0.00774
2110	0.0026	0.00774
2110	0.0026	0.00773
2110	0.0026	0.00773
2110	0.0026	0.00773
2110	0.0026	0.00773
2110	0.0026	0.00773
2110	0.0026	0.00773
2110	0.0026	0.00774
2110	0.0026	0.00773
2110	0.0026	0.00773
2110	0.0026	0.00773
2110	0.0026	0.00773
2110	0.0026	0.00773
2110	0.0026	0.00772
2110	0.0026	0.00772
2110	0.0026	0.00772
2110	0.0026	0.00772
2110	0.0026	0.00771
2110	0.0026	0.00771
2110	0.0026	0.00771
2110	0.0026	0.00771
2110	0.00259	0.0077
2110	0.00259	0.0077
2110	0.00259	0.0077
2110	0.00259	0.0077
2110	0.00259	0.00769
2110	0.00259	0.00769
2110	0.00259	0.00769
2110	0.00259	0.00769
2110	0.00259	0.00768
2110	0.00259	0.00768
2110	0.00259	0.00768
2110	0.00259	0.00767
2110	0.00259	0.00767
2110	0.00259	0.00767
2110	0.00259	0.00767
2110	0.00259	0.00767
2110	0.00259	0.00767
2110	0.00258	0.00766
2120	0.00258	0.00766
2120	0.00258	0.00765
2120	0.00258	0.00765
2120	0.00258	0.00764
2120	0.00258	0.00765
2110	0.00258	0.00765
2110	0.00258	0.00765
2120	0.00258	0.00764
2120	0.00258	0.00764
2120	0.00257	0.00763
2120	0.00257	0.00763
2120	0.00257	0.00762
2110	0.00257	0.00763
2120	0.00257	0.00762
2120	0.00257	0.00762
2120	0.00257	0.00761
2120	0.00257	0.00761
2120	0.00257	0.0076
2120	0.00257	0.0076
2120	0.00256	0.0076
2120	0.00256	0.00759
2120	0.00256	0.00759
2120	0.00256	0.00759
2120	0.00256	0.00758
2120	0.00256	0.00758
2120	0.00256	0.00758
2120	0.00256	0.00757
2120	0.00256	0.00757
2120	0.00256	0.00757
2120	0.00255	0.00756
2120	0.00255	0.00756
2120	0.00255	0.00755
2120	0.00255	0.00755
2120	0.00255	0.00754
2120	0.00255	0.00754
2120	0.00254	0.00753
2120	0.00254	0.00753
2120	0.00254	0.00752
2120	0.00254	0.00752
2120	0.00254	0.00751
2120	0.00254	0.0075
2120	0.00253	0.0075
2120	0.00256	0.00753
2120	0.00256	0.00753
2120	0.00256	0.00752
2120	0.00255	0.00751
2120	0.00255	0.00751
2120	0.00255	0.0075
2120	0.00255	0.00749
2120	0.00255	0.00749
2120	0.00254	0.00748
2120	0.00254	0.00748
2120	0.00254	0.00747
2120	0.00254	0.00747
2120	0.00254	0.00746
2120	0.00254	0.00746
2120	0.00254	0.00745
2120	0.00253	0.00745
2120	0.00253	0.00745
2120	0.00253	0.00744
2120	0.00253	0.00744
2120	0.00253	0.00743
2120	0.00253	0.00742
2120	0.00252	0.00742
2120	0.00252	0.00741
2120	0.00252	0.00741
