12.6	0.327	0.57
12.8	0.324	0.567
12.9	0.321	0.564
13.1	0.318	0.561
13.3	0.315	0.558
13.4	0.312	0.554
13.6	0.309	0.551
13.8	0.306	0.547
14	0.303	0.544
14.2	0.299	0.54
14.3	0.296	0.535
14.5	0.292	0.531
14.5	0.288	0.526
14.5	0.284	0.522
14.3	0.282	0.519
14.1	0.279	0.516
13.9	0.277	0.513
13.7	0.275	0.51
13.5	0.272	0.507
13.3	0.27	0.504
13.1	0.267	0.5
12.9	0.264	0.497
12.8	0.261	0.494
12.7	0.259	0.49
12.6	0.256	0.488
12.5	0.254	0.486
12.5	0.242	0.479
12.5	0.233	0.477
12.8	0.23	0.489
13	0.228	0.494
13.4	0.224	0.495
13.7	0.221	0.495
14.1	0.217	0.493
14.4	0.213	0.49
14.8	0.21	0.487
15.2	0.206	0.483
15.6	0.203	0.48
16.1	0.199	0.476
16.5	0.195	0.471
17	0.192	0.466
17.5	0.188	0.461
18	0.184	0.455
18.6	0.181	0.449
19.1	0.177	0.443
19.7	0.173	0.437
20.3	0.17	0.43
21	0.166	0.424
21.6	0.162	0.417
22.3	0.159	0.41
23	0.155	0.404
23.8	0.152	0.397
24.6	0.149	0.39
25.4	0.145	0.383
26.3	0.142	0.377
26.5	0.141	0.374
27.1	0.139	0.37
28.1	0.135	0.363
29.1	0.132	0.356
30.1	0.129	0.349
31.2	0.126	0.341
32.4	0.122	0.333
33.7	0.119	0.325
35.1	0.115	0.316
36.6	0.112	0.307
38.2	0.108	0.298
39.9	0.104	0.288
41.7	0.1	0.278
43.7	0.0963	0.268
45.8	0.0924	0.257
48.1	0.0886	0.247
49.5	0.0863	0.241
50.4	0.0848	0.237
53	0.0811	0.227
55.6	0.0775	0.217
58.4	0.074	0.207
61.2	0.0707	0.198
63.9	0.0677	0.189
66.2	0.0662	0.183
68.3	0.0642	0.177
70.8	0.0621	0.171
73.4	0.0598	0.165
76.1	0.0577	0.159
78.9	0.0556	0.152
81	0.0543	0.148
81.9	0.0537	0.147
85	0.0517	0.141
88.4	0.05	0.136
92	0.0479	0.13
95.8	0.0462	0.125
99.8	0.0444	0.12
104	0.0428	0.115
109	0.041	0.11
113	0.0392	0.106
119	0.0378	0.101
124	0.0363	0.097
130	0.0348	0.0929
136	0.0333	0.0889
143	0.0318	0.0848
150	0.0305	0.0811
157	0.029	0.0774
166	0.0278	0.0739
174	0.0265	0.0705
184	0.0253	0.0671
193	0.024	0.0638
203	0.0229	0.061
210	0.0222	0.0589
218	0.0214	0.0568
225	0.0207	0.055
231	0.0201	0.0533
238	0.0195	0.0517
245	0.019	0.0503
252	0.0184	0.0488
259	0.0178	0.0473
267	0.0173	0.0459
275	0.0168	0.0445
283	0.0163	0.0431
292	0.0158	0.0418
301	0.0153	0.0405
310	0.0149	0.0393
320	0.0144	0.038
330	0.0139	0.0368
334	0.0137	0.0362
344	0.0133	0.0352
354	0.0129	0.0342
364	0.0125	0.0331
374	0.0122	0.0322
384	0.0118	0.0312
394	0.0115	0.0304
404	0.0112	0.0296
414	0.011	0.0289
423	0.0107	0.0283
432	0.0105	0.0277
441	0.0103	0.027
450	0.01	0.0264
459	0.00981	0.0259
469	0.0096	0.0253
478	0.00939	0.0248
487	0.0092	0.0242
496	0.00901	0.0237
505	0.00883	0.0233
514	0.00866	0.0228
523	0.00849	0.0224
533	0.00833	0.022
542	0.00818	0.0216
550	0.00803	0.0212
559	0.0079	0.0208
567	0.00782	0.0206
576	0.00772	0.0203
584	0.0076	0.02
592	0.00748	0.0196
601	0.00736	0.0193
609	0.00724	0.019
617	0.00713	0.0187
625	0.00703	0.0185
632	0.00694	0.0182
640	0.00685	0.018
647	0.00677	0.0178
654	0.00669	0.0176
661	0.00661	0.0174
668	0.00653	0.0172
674	0.00648	0.017
681	0.00641	0.0168
688	0.00633	0.0166
695	0.00626	0.0164
701	0.0062	0.0163
708	0.00613	0.0161
714	0.00607	0.0159
721	0.00601	0.0158
727	0.00595	0.0156
733	0.0059	0.0155
739	0.00584	0.0153
745	0.00579	0.0152
751	0.00575	0.0151
756	0.0057	0.0149
761	0.00565	0.0148
767	0.00561	0.0147
772	0.00556	0.0146
777	0.00553	0.0145
782	0.00549	0.0144
787	0.00545	0.0143
792	0.00541	0.0142
797	0.00537	0.0141
802	0.00533	0.014
806	0.00529	0.0139
811	0.00526	0.0138
815	0.00523	0.0137
819	0.00519	0.0136
823	0.00516	0.0135
827	0.00513	0.0134
831	0.00513	0.0134
835	0.0051	0.0133
839	0.00507	0.0133
843	0.00504	0.0132
846	0.00502	0.0131
850	0.00499	0.013
853	0.00496	0.013
857	0.00494	0.0129
860	0.00491	0.0128
863	0.00489	0.0128
866	0.00487	0.0127
869	0.00485	0.0127
872	0.00483	0.0126
874	0.0048	0.0126
877	0.00479	0.0125
879	0.00477	0.0125
882	0.00475	0.0124
884	0.00473	0.0124
886	0.00472	0.0123
887	0.0047	0.0123
889	0.00469	0.0122
891	0.00467	0.0122
893	0.00466	0.0122
894	0.00464	0.0121
895	0.00463	0.0121
897	0.00462	0.0121
898	0.00461	0.012
899	0.0046	0.012
899	0.00459	0.012
900	0.00458	0.012
901	0.00457	0.0119
901	0.00457	0.0119
901	0.00456	0.0119
902	0.00455	0.0119
902	0.00455	0.0119
902	0.00454	0.0119
902	0.00453	0.0118
902	0.00453	0.0118
903	0.00452	0.0118
903	0.00451	0.0118
903	0.00451	0.0118
902	0.0045	0.0118
899	0.00451	0.0118
896	0.00452	0.0118
893	0.00453	0.0118
890	0.00458	0.0119
888	0.00458	0.0119
887	0.00458	0.0119
887	0.00458	0.0119
887	0.00457	0.0119
888	0.00456	0.0119
888	0.00455	0.0119
889	0.00454	0.0118
890	0.00453	0.0118
891	0.00452	0.0118
892	0.00451	0.0117
894	0.0045	0.0117
895	0.00449	0.0117
896	0.00448	0.0117
897	0.00447	0.0116
898	0.00446	0.0116
898	0.00445	0.0116
899	0.00444	0.0116
900	0.00443	0.0115
901	0.00442	0.0115
902	0.00441	0.0115
903	0.0044	0.0115
904	0.00439	0.0114
905	0.00438	0.0114
906	0.00437	0.0114
906	0.00437	0.0114
905	0.00437	0.0114
903	0.00437	0.0114
901	0.00437	0.0114
899	0.00438	0.0114
898	0.0044	0.0114
898	0.0044	0.0114
899	0.00439	0.0114
901	0.00438	0.0114
903	0.00436	0.0113
905	0.00435	0.0113
908	0.00433	0.0113
911	0.00431	0.0112
914	0.0043	0.0112
917	0.00428	0.0111
920	0.00426	0.0111
923	0.00424	0.011
927	0.00422	0.011
930	0.0042	0.0109
933	0.00419	0.0109
937	0.00417	0.0108
940	0.00415	0.0108
943	0.00413	0.0107
946	0.00411	0.0107
949	0.0041	0.0107
953	0.00408	0.0106
956	0.00406	0.0106
959	0.00405	0.0105
962	0.00403	0.0105
965	0.00402	0.0104
968	0.004	0.0104
970	0.00399	0.0104
973	0.00397	0.0103
976	0.00396	0.0103
978	0.00394	0.0103
981	0.00393	0.0102
983	0.00392	0.0102
985	0.0039	0.0102
988	0.00391	0.0102
990	0.0039	0.0101
991	0.0039	0.0101
993	0.00389	0.0101
996	0.00387	0.01
998	0.00386	0.01
1000	0.00385	0.00997
1000	0.00383	0.00993
1000	0.00382	0.00989
1010	0.00381	0.00986
1010	0.00379	0.00983
1010	0.00378	0.00979
1010	0.00377	0.00976
1010	0.00376	0.00973
1010	0.00375	0.00971
1020	0.00374	0.00968
1020	0.00373	0.00966
1020	0.00372	0.00965
1020	0.00372	0.00963
1020	0.00371	0.00962
1020	0.00371	0.00961
1020	0.0037	0.0096
1010	0.0037	0.00959
1010	0.0037	0.00958
1010	0.00369	0.00957
1010	0.00369	0.00956
1010	0.00368	0.00955
1010	0.00368	0.00954
1010	0.00368	0.00953
1010	0.00367	0.00951
1010	0.00367	0.0095
1010	0.00366	0.00949
1010	0.00366	0.00948
1010	0.00365	0.00947
1010	0.00365	0.00946
1010	0.00365	0.00945
1010	0.00366	0.00948
1010	0.00366	0.00947
1010	0.00366	0.00946
1010	0.00365	0.00945
1010	0.00365	0.00944
1010	0.00365	0.00943
1010	0.00364	0.00942
1010	0.00364	0.00941
1010	0.00364	0.00941
1010	0.00363	0.0094
1010	0.00363	0.00939
1000	0.00363	0.00939
1000	0.00363	0.00938
1000	0.00363	0.00938
1000	0.00363	0.00938
1000	0.00363	0.00938
998	0.00363	0.00938
996	0.00363	0.00938
995	0.00363	0.00939
993	0.00363	0.00939
991	0.00363	0.0094
989	0.00364	0.0094
987	0.00364	0.00941
985	0.00364	0.00941
983	0.00364	0.00942
981	0.00365	0.00943
979	0.00365	0.00943
977	0.00365	0.00944
976	0.00365	0.00944
974	0.00365	0.00945
971	0.00366	0.00945
969	0.00366	0.00947
965	0.00367	0.00949
962	0.00368	0.00951
958	0.00369	0.00954
954	0.0037	0.00956
951	0.0037	0.00958
948	0.00371	0.0096
946	0.00374	0.00966
945	0.00374	0.00967
943	0.00374	0.00967
942	0.00374	0.00967
942	0.00374	0.00967
941	0.00374	0.00966
941	0.00374	0.00966
941	0.00374	0.00965
940	0.00373	0.00964
940	0.00373	0.00963
940	0.00373	0.00962
940	0.00372	0.00961
941	0.00372	0.00959
941	0.00371	0.00958
942	0.0037	0.00957
942	0.0037	0.00955
942	0.00369	0.00954
942	0.00369	0.00953
943	0.00368	0.00951
943	0.00368	0.0095
943	0.00367	0.00949
943	0.00367	0.00948
943	0.00367	0.00947
943	0.00366	0.00946
943	0.00366	0.00945
943	0.00366	0.00944
942	0.00365	0.00943
942	0.00365	0.00942
942	0.00365	0.00941
941	0.00364	0.00941
940	0.00364	0.0094
940	0.00364	0.0094
939	0.00364	0.0094
937	0.00364	0.0094
936	0.00364	0.0094
935	0.00364	0.0094
933	0.00365	0.00941
931	0.00365	0.00942
929	0.00365	0.00943
926	0.00367	0.00946
924	0.00367	0.00948
921	0.00368	0.00949
918	0.00369	0.00951
916	0.00369	0.00953
913	0.0037	0.00955
910	0.0037	0.00956
907	0.00371	0.00958
904	0.00372	0.0096
901	0.00373	0.00962
897	0.00374	0.00965
893	0.00375	0.00968
889	0.00376	0.00971
885	0.00377	0.00975
882	0.00379	0.00978
878	0.0038	0.00981
874	0.00381	0.00984
871	0.00382	0.00987
868	0.00383	0.00989
865	0.00384	0.00991
863	0.00384	0.00992
861	0.00385	0.00993
861	0.00384	0.00993
860	0.00384	0.00992
860	0.00384	0.00991
861	0.00386	0.00996
861	0.00386	0.00995
862	0.00385	0.00993
863	0.00384	0.00991
864	0.00384	0.00989
865	0.00383	0.00987
866	0.00382	0.00985
867	0.00381	0.00983
868	0.00381	0.00981
868	0.0038	0.00979
870	0.00379	0.00977
871	0.00378	0.00974
872	0.00377	0.00973
872	0.00377	0.00971
873	0.00376	0.0097
874	0.00375	0.00968
874	0.00375	0.00967
875	0.00374	0.00965
875	0.00374	0.00964
875	0.00373	0.00963
876	0.00373	0.00962
876	0.00372	0.0096
876	0.00372	0.0096
876	0.00371	0.00959
876	0.00371	0.00958
876	0.00371	0.00957
876	0.00371	0.00956
875	0.0037	0.00956
875	0.0037	0.00955
875	0.0037	0.00955
874	0.0037	0.00954
874	0.0037	0.00954
873	0.00369	0.00954
873	0.00369	0.00953
872	0.00369	0.00953
872	0.00369	0.00953
871	0.00369	0.00953
870	0.00369	0.00953
869	0.00369	0.00953
868	0.00369	0.00953
868	0.00369	0.00953
866	0.00369	0.00953
865	0.00369	0.00954
864	0.0037	0.00955
862	0.0037	0.00956
860	0.0037	0.00957
859	0.00371	0.00958
857	0.00371	0.00959
855	0.00372	0.0096
853	0.00372	0.00961
851	0.00373	0.00963
848	0.00373	0.00965
847	0.00374	0.00966
845	0.00374	0.00967
842	0.00375	0.00969
839	0.00376	0.00972
836	0.00377	0.00975
832	0.00378	0.00978
828	0.0038	0.00982
823	0.00381	0.00987
819	0.00385	0.00995
813	0.00389	0.01
808	0.00391	0.0101
802	0.00393	0.0102
795	0.00396	0.0102
788	0.00399	0.0103
780	0.00403	0.0104
771	0.00407	0.0105
761	0.00412	0.0107
750	0.00417	0.0108
738	0.00425	0.011
725	0.00431	0.0112
712	0.00439	0.0114
699	0.00447	0.0116
685	0.00455	0.0118
671	0.00465	0.0121
658	0.00475	0.0123
647	0.00482	0.0125
645	0.00483	0.0125
648	0.0048	0.0125
652	0.00477	0.0124
656	0.00474	0.0123
660	0.00471	0.0122
663	0.00468	0.0121
667	0.00465	0.0121
670	0.00463	0.012
672	0.00461	0.012
674	0.00459	0.0119
676	0.00457	0.0119
677	0.00455	0.0119
678	0.00454	0.0118
679	0.00454	0.0118
677	0.00454	0.0118
675	0.00456	0.0119
670	0.00459	0.012
666	0.00462	0.012
658	0.00467	0.0122
650	0.00472	0.0123
644	0.00476	0.0125
641	0.00478	0.0125
640	0.00478	0.0125
640	0.00478	0.0125
643	0.00476	0.0125
649	0.00472	0.0124
655	0.00467	0.0123
662	0.00462	0.0121
669	0.00459	0.0121
676	0.00454	0.0119
683	0.0045	0.0118
689	0.00445	0.0117
696	0.00441	0.0116
702	0.00437	0.0115
708	0.00434	0.0114
714	0.0043	0.0113
720	0.00427	0.0112
726	0.00423	0.0112
731	0.0042	0.0111
736	0.00417	0.011
741	0.00414	0.0109
746	0.00412	0.0109
750	0.00409	0.0108
755	0.00407	0.0108
757	0.00406	0.0107
761	0.00404	0.0107
765	0.00402	0.0106
768	0.004	0.0106
772	0.00398	0.0105
775	0.00396	0.0105
779	0.00395	0.0105
782	0.00393	0.0104
784	0.00392	0.0104
786	0.00391	0.0104
788	0.0039	0.0104
791	0.00389	0.0103
793	0.00388	0.0103
795	0.00387	0.0103
797	0.00386	0.0103
799	0.00385	0.0103
802	0.00385	0.0103
804	0.00384	0.0102
805	0.00383	0.0102
807	0.00382	0.0102
809	0.00382	0.0102
811	0.00381	0.0102
813	0.0038	0.0102
814	0.0038	0.0102
817	0.00379	0.0102
819	0.00378	0.0101
822	0.00377	0.0101
824	0.00376	0.0101
827	0.00375	0.0101
829	0.00374	0.0101
833	0.00373	0.0101
836	0.00372	0.01
840	0.0037	0.00999
844	0.00369	0.00996
848	0.00367	0.00992
853	0.00365	0.00988
858	0.00364	0.00984
863	0.00362	0.0098
868	0.0036	0.00976
873	0.00358	0.00972
878	0.00356	0.00967
883	0.00354	0.00963
888	0.00353	0.00959
894	0.00351	0.00955
899	0.00349	0.00951
904	0.00347	0.00948
909	0.00345	0.00944
914	0.00344	0.00941
919	0.00342	0.00937
924	0.00341	0.00934
929	0.00339	0.00931
934	0.00338	0.00929
938	0.00336	0.00926
943	0.00335	0.00924
947	0.00334	0.00922
952	0.00332	0.0092
956	0.0033	0.00915
960	0.00329	0.00914
964	0.00344	0.00951
967	0.00342	0.00947
971	0.0034	0.00945
974	0.00336	0.0094
978	0.00335	0.00939
981	0.00335	0.00942
984	0.00333	0.0094
987	0.00331	0.00938
989	0.00329	0.00938
992	0.0033	0.00942
994	0.00329	0.00944
997	0.00329	0.00947
1000	0.00329	0.00949
1000	0.00329	0.00952
1010	0.00329	0.00955
1010	0.0033	0.00958
1010	0.0033	0.0096
1020	0.0033	0.00962
1020	0.0033	0.00965
1020	0.0033	0.00967
1030	0.0033	0.00969
1030	0.0033	0.0097
1030	0.0033	0.00972
1040	0.0033	0.00973
1040	0.0033	0.00974
1040	0.0033	0.00975
1050	0.0033	0.00976
1050	0.0033	0.00977
1050	0.0033	0.00978
1060	0.0033	0.00978
1060	0.0033	0.00979
1060	0.0033	0.0098
1070	0.0033	0.00981
1070	0.0033	0.00982
1070	0.0033	0.00982
1080	0.0033	0.00983
1080	0.0033	0.00984
1080	0.0033	0.00985
1080	0.0033	0.00986
1090	0.00331	0.00988
1090	0.00331	0.00989
1090	0.00331	0.0099
1090	0.00331	0.00991
1100	0.00331	0.00993
1100	0.00332	0.00994
1100	0.00332	0.00996
1100	0.00332	0.00998
1110	0.00333	0.00999
1110	0.00333	0.01
1110	0.00333	0.01
1110	0.00334	0.01
1120	0.00334	0.0101
1120	0.00335	0.0101
1120	0.00335	0.0101
1120	0.00336	0.0101
1120	0.00336	0.0102
1130	0.00337	0.0102
1130	0.00337	0.0102
1130	0.00338	0.0102
1130	0.00339	0.0103
1130	0.00339	0.0103
1140	0.0034	0.0103
1140	0.00341	0.0104
1140	0.00342	0.0104
1140	0.00343	0.0104
1140	0.00344	0.0105
1140	0.00345	0.0105
1150	0.00346	0.0105
1150	0.00347	0.0106
1150	0.00348	0.0106
1150	0.0035	0.0107
1150	0.00351	0.0107
1150	0.00352	0.0108
1150	0.00354	0.0109
1150	0.00355	0.0109
1160	0.00357	0.011
1160	0.00358	0.011
1160	0.00359	0.0111
1160	0.00361	0.0111
1160	0.00362	0.0112
1160	0.00363	0.0112
1160	0.00365	0.0112
1160	0.00366	0.0113
1170	0.00367	0.0113
1170	0.00369	0.0114
1170	0.0037	0.0115
1170	0.00372	0.0115
1170	0.00373	0.0116
1170	0.00375	0.0116
1170	0.00376	0.0117
1170	0.00378	0.0117
1180	0.0038	0.0118
1180	0.00381	0.0118
1180	0.00383	0.0119
1180	0.00385	0.012
1180	0.00387	0.012
1180	0.00389	0.0121
1180	0.0039	0.0121
1190	0.00392	0.0122
1190	0.00394	0.0123
1190	0.00396	0.0123
1190	0.00398	0.0124
1190	0.004	0.0125
1190	0.00402	0.0125
1190	0.00404	0.0126
1190	0.00405	0.0126
1200	0.00407	0.0127
1200	0.00409	0.0127
1200	0.00411	0.0128
1200	0.00413	0.0129
1200	0.00415	0.0129
1200	0.00416	0.013
1200	0.00418	0.013
1200	0.0042	0.0131
1210	0.00422	0.0131
1210	0.00423	0.0131
1210	0.00425	0.0132
1210	0.00427	0.0132
1210	0.00429	0.0133
1210	0.00431	0.0133
1210	0.00433	0.0133
1210	0.00434	0.0134
1220	0.00436	0.0134
1220	0.00438	0.0134
1220	0.0044	0.0135
1220	0.00442	0.0135
1220	0.00443	0.0135
1220	0.00445	0.0135
1220	0.00447	0.0135
1220	0.00449	0.0135
1220	0.00451	0.0136
1220	0.00452	0.0136
1220	0.00454	0.0136
1230	0.00455	0.0136
1230	0.00458	0.0136
1230	0.00459	0.0137
1230	0.00461	0.0137
1230	0.0046	0.0137
1230	0.00457	0.0136
1230	0.00454	0.0135
1230	0.00451	0.0134
1230	0.00447	0.0134
1230	0.00444	0.0133
1230	0.0044	0.0132
1230	0.00436	0.0131
1230	0.00433	0.013
1230	0.0043	0.0129
1230	0.00428	0.0129
1230	0.00426	0.0128
1230	0.00424	0.0128
1230	0.00424	0.0128
1230	0.00427	0.0129
1230	0.00431	0.013
1230	0.00434	0.0131
1230	0.00435	0.0131
1230	0.00434	0.0131
1230	0.00432	0.013
1230	0.00428	0.0129
1230	0.00425	0.0128
1230	0.00422	0.0128
1230	0.00419	0.0127
1230	0.00423	0.0128
1230	0.00426	0.0129
1230	0.00427	0.0129
1230	0.00428	0.0129
1230	0.00429	0.013
1230	0.0043	0.013
1230	0.00432	0.013
1230	0.00435	0.0131
1230	0.00436	0.0131
1230	0.00437	0.0132
1230	0.00438	0.0132
1230	0.00439	0.0132
1230	0.00439	0.0132
1230	0.00439	0.0132
1230	0.0044	0.0132
1230	0.00441	0.0133
1230	0.00441	0.0133
1230	0.00439	0.0132
1230	0.00438	0.0132
1230	0.00434	0.0131
1230	0.00432	0.013
1230	0.0043	0.013
1230	0.0043	0.013
1230	0.0043	0.013
1230	0.00427	0.0129
1230	0.00424	0.0128
1230	0.00425	0.0128
1230	0.00424	0.0128
1230	0.00421	0.0127
1230	0.00418	0.0127
1230	0.00417	0.0126
1230	0.00417	0.0126
1230	0.00418	0.0127
1230	0.00418	0.0127
1230	0.00419	0.0127
1230	0.00419	0.0127
1230	0.0042	0.0127
1230	0.0042	0.0127
1230	0.00418	0.0127
1230	0.00415	0.0126
1230	0.00413	0.0125
1230	0.00412	0.0125
1230	0.00412	0.0125
1230	0.00411	0.0125
1230	0.00411	0.0125
1230	0.0041	0.0125
1230	0.0041	0.0125
1230	0.0041	0.0125
1230	0.0041	0.0125
1230	0.00411	0.0125
1230	0.00411	0.0125
1230	0.00411	0.0125
1230	0.00411	0.0125
1230	0.00411	0.0125
1230	0.00411	0.0125
1230	0.00411	0.0125
1230	0.00411	0.0125
1230	0.00411	0.0125
1230	0.00411	0.0125
1230	0.00411	0.0125
1230	0.00411	0.0125
1230	0.00411	0.0125
1230	0.00411	0.0125
1230	0.00411	0.0125
1230	0.00411	0.0125
1230	0.00411	0.0125
1230	0.00411	0.0125
1230	0.00411	0.0125
1230	0.00411	0.0125
1230	0.0041	0.0125
1230	0.00411	0.0125
1230	0.00411	0.0125
1230	0.00411	0.0125
1230	0.00411	0.0125
1230	0.00411	0.0125
1230	0.0041	0.0125
1230	0.00411	0.0125
1230	0.0041	0.0125
1230	0.0041	0.0125
1230	0.0041	0.0125
1230	0.0041	0.0125
1230	0.0041	0.0125
1230	0.00411	0.0125
1230	0.00411	0.0125

