5.82	0.384	0.647
5.91	0.378	0.64
6.43	0.345	0.6
7.05	0.333	0.583
9.31	0.296	0.576
12.2	0.267	0.531
14.1	0.256	0.511
15	0.249	0.499
15.7	0.246	0.494
16.4	0.243	0.489
17.1	0.241	0.484
17.9	0.238	0.479
18.7	0.236	0.474
19.5	0.234	0.47
20.3	0.232	0.466
21.2	0.23	0.462
22.1	0.228	0.459
23	0.226	0.456
23.9	0.225	0.453
24.8	0.223	0.45
25.6	0.222	0.447
26.5	0.221	0.445
27.4	0.219	0.442
28.3	0.218	0.44
29.3	0.217	0.437
30.2	0.216	0.435
31.1	0.215	0.434
32.1	0.214	0.431
33.1	0.213	0.43
34	0.213	0.428
35	0.212	0.427
35.8	0.212	0.427
36.5	0.214	0.43
37	0.217	0.436
37.4	0.221	0.444
37.5	0.228	0.458
37.5	0.237	0.475
37.5	0.246	0.494
37.5	0.257	0.515
37.5	0.269	0.538
37.6	0.281	0.562
37.9	0.294	0.587
38.2	0.307	0.611
38.8	0.319	0.634
39.5	0.33	0.655
40.4	0.339	0.672
41.5	0.347	0.686
42.8	0.353	0.697
44.2	0.357	0.704
45.8	0.36	0.709
47.5	0.362	0.713
49.4	0.363	0.713
51.4	0.363	0.711
53.5	0.361	0.707
55.7	0.359	0.703
58	0.357	0.697
60.4	0.355	0.692
62.7	0.352	0.687
65.1	0.35	0.682
67.2	0.348	0.679
69.3	0.348	0.678
71.3	0.348	0.68
73.3	0.348	0.682
75.3	0.35	0.687
77.4	0.351	0.69
79.5	0.352	0.693
81.6	0.353	0.697
83.7	0.354	0.7
85.8	0.357	0.709
88	0.358	0.712
90.1	0.357	0.711
90.8	0.356	0.708
91.6	0.354	0.705
92.1	0.351	0.696
92.2	0.347	0.687
91.8	0.347	0.687
91.3	0.348	0.691
90.8	0.349	0.692
90.3	0.347	0.688
89.9	0.347	0.687
89.5	0.345	0.682
89.1	0.344	0.681
88.7	0.343	0.679
88.3	0.345	0.684
87.9	0.344	0.68
87.6	0.343	0.677
87.3	0.342	0.674
87	0.341	0.672
86.7	0.34	0.67
86.3	0.339	0.668
86	0.339	0.668
85.7	0.337	0.663
85.4	0.337	0.662
85.1	0.336	0.66
84.8	0.335	0.657
84.5	0.335	0.658
84.2	0.334	0.654
83.9	0.332	0.648
83.7	0.332	0.648
83.3	0.332	0.647
83	0.33	0.644
82.6	0.329	0.64
82.3	0.329	0.64
81.9	0.328	0.637
81.5	0.328	0.637
81.1	0.328	0.635
80.5	0.328	0.635
80.1	0.328	0.635
79.6	0.327	0.632
79.1	0.327	0.631
78.5	0.327	0.632
77.9	0.327	0.629
77.3	0.327	0.629
76.6	0.327	0.63
75.9	0.328	0.63
75.2	0.328	0.628
74.5	0.329	0.63
73.7	0.328	0.629
72.9	0.328	0.628
72.1	0.328	0.628
71.2	0.328	0.627
70.3	0.328	0.625
69.5	0.327	0.624
68.6	0.327	0.623
67.7	0.326	0.621
66.8	0.325	0.62
65.9	0.323	0.617
65.1	0.321	0.614
64.3	0.319	0.609
63.4	0.316	0.604
62.7	0.311	0.596
62	0.307	0.588
61.2	0.302	0.578
60.6	0.296	0.568
60.2	0.293	0.563
60	0.291	0.559
59.4	0.284	0.547
58.9	0.277	0.534
58.4	0.268	0.519
58	0.26	0.503
57.7	0.25	0.486
57.5	0.239	0.467
57.4	0.228	0.447
57.3	0.217	0.426
57.3	0.205	0.404
57.4	0.211	0.43
57.4	0.197	0.401
57.4	0.185	0.376
57.3	0.174	0.354
57.1	0.165	0.336
56.8	0.157	0.32
56.4	0.151	0.307
55.9	0.146	0.296
54.9	0.143	0.291
54.3	0.142	0.289
53.2	0.141	0.287
51.9	0.14	0.286
50.5	0.14	0.286
49	0.14	0.286
47.7	0.141	0.286
46.7	0.141	0.286
46.1	0.141	0.286
45.5	0.141	0.286
45.1	0.14	0.286
44.7	0.141	0.286
44.6	0.141	0.287
44.5	0.141	0.286
44.7	0.14	0.286
45	0.14	0.285
45.9	0.139	0.283
47.7	0.137	0.279
49	0.136	0.277
51	0.134	0.274
53	0.133	0.271
54.6	0.133	0.271
56	0.134	0.272
57.2	0.136	0.276
57.7	0.141	0.285
58.1	0.147	0.297
58.5	0.154	0.311
58.7	0.162	0.327
58.9	0.171	0.345
59.1	0.181	0.364
59.3	0.192	0.386
59.7	0.203	0.406
60.2	0.214	0.428
60.8	0.225	0.449
61.6	0.236	0.469
62.4	0.246	0.49
63.3	0.257	0.511
64.2	0.262	0.52
64.1	0.248	0.491
63.5	0.235	0.466
62.9	0.224	0.444
62.5	0.213	0.424
62.1	0.203	0.403
61.8	0.192	0.383
61.7	0.182	0.363
61.5	0.172	0.344
61.3	0.163	0.327
61.1	0.155	0.312
60.7	0.148	0.299
60.2	0.143	0.288
59.7	0.138	0.28
59	0.136	0.275
58.7	0.138	0.28
59.1	0.152	0.307
59	0.164	0.331
58.9	0.176	0.356
58.7	0.19	0.384
58.6	0.205	0.413
58.6	0.22	0.444
58.9	0.236	0.476
59.4	0.252	0.509
60.1	0.267	0.539
61.1	0.281	0.567
62.2	0.293	0.593
63.4	0.304	0.616
64.7	0.314	0.638
65.9	0.323	0.659
67	0.333	0.68
68.1	0.343	0.704
69.3	0.354	0.73
70.6	0.365	0.757
72	0.377	0.785
73.4	0.387	0.811
74.9	0.397	0.837
76.5	0.408	0.866
78.1	0.418	0.894
79.8	0.427	0.92
81.6	0.437	0.949
83.4	0.445	0.974
85.3	0.455	1
87.2	0.464	1.03
89.3	0.471	1.06
91.3	0.478	1.08
91.9	0.481	1.09
93.5	0.487	1.11
95.6	0.495	1.14
97.9	0.502	1.17
100	0.51	1.2
103	0.516	1.22
105	0.521	1.24
107	0.528	1.28
110	0.536	1.31
113	0.542	1.34
115	0.548	1.37
118	0.553	1.39
121	0.557	1.42
124	0.564	1.45
127	0.569	1.48
130	0.574	1.51
133	0.579	1.55
136	0.583	1.57
139	0.587	1.6
142	0.591	1.63
146	0.595	1.66
149	0.599	1.69
152	0.602	1.73
156	0.606	1.76
159	0.608	1.79
163	0.612	1.82
167	0.615	1.86
170	0.619	1.9
174	0.621	1.93
177	0.625	1.97
181	0.627	2
185	0.63	2.04
188	0.633	2.08
192	0.636	2.12
196	0.638	2.16
199	0.641	2.2
202	0.645	2.25
206	0.648	2.29
209	0.651	2.34
212	0.667	2.46
215	0.667	2.49
218	0.667	2.51
221	0.668	2.54
223	0.669	2.57
226	0.67	2.59
228	0.671	2.62
230	0.672	2.64
231	0.674	2.66
232	0.675	2.68
231	0.678	2.69
230	0.679	2.69
229	0.681	2.7
229	0.683	2.71
229	0.684	2.71
228	0.686	2.72
228	0.687	2.73
228	0.688	2.74
228	0.69	2.75
228	0.691	2.76
227	0.692	2.77
227	0.694	2.78
227	0.695	2.79
227	0.696	2.79
227	0.697	2.8
227	0.698	2.81
227	0.699	2.82
227	0.7	2.83
227	0.701	2.83
227	0.702	2.84
227	0.703	2.85
227	0.704	2.86
227	0.705	2.87
228	0.705	2.88
228	0.706	2.89
228	0.707	2.9
229	0.708	2.91
229	0.709	2.93
229	0.71	2.93
230	0.71	2.94
230	0.711	2.95
231	0.712	2.97
231	0.712	2.98
232	0.713	2.99
232	0.714	3
233	0.715	3.02
233	0.715	3.03
234	0.716	3.04
234	0.717	3.05
235	0.717	3.06
235	0.718	3.07
236	0.718	3.08
236	0.719	3.1
237	0.72	3.11
237	0.72	3.12
238	0.721	3.14
238	0.721	3.15
239	0.722	3.16
239	0.723	3.17
240	0.723	3.19
241	0.724	3.2
241	0.724	3.21
242	0.725	3.23
243	0.725	3.24
243	0.726	3.26
244	0.726	3.27
245	0.727	3.28
245	0.727	3.3
246	0.728	3.31
247	0.728	3.33
247	0.729	3.34
248	0.729	3.36
249	0.73	3.37
249	0.73	3.39
250	0.731	3.41
251	0.731	3.42
252	0.731	3.44
252	0.732	3.46
253	0.732	3.48
254	0.733	3.49
255	0.733	3.51
256	0.734	3.53
257	0.734	3.55
257	0.734	3.56
258	0.735	3.58
259	0.735	3.6
260	0.735	3.63
261	0.736	3.65
262	0.736	3.67
263	0.737	3.69
264	0.737	3.71
265	0.737	3.74
266	0.738	3.76
267	0.738	3.78
268	0.738	3.81
269	0.739	3.83
270	0.739	3.86
272	0.739	3.89
273	0.74	3.92
274	0.74	3.95
275	0.74	3.97
276	0.741	4
277	0.741	4.03
279	0.741	4.06
280	0.742	4.09
281	0.742	4.12
283	0.742	4.16
284	0.743	4.2
285	0.743	4.23
287	0.743	4.27
288	0.744	4.31
290	0.744	4.35
291	0.744	4.39
293	0.744	4.43
294	0.745	4.48
296	0.745	4.52
297	0.745	4.58
299	0.746	4.62
301	0.746	4.68
302	0.746	4.74
304	0.747	4.79
306	0.747	4.85
308	0.747	4.92
310	0.748	4.99
312	0.748	5.05
314	0.748	5.13
316	0.748	5.21
318	0.749	5.3
321	0.749	5.39
323	0.749	5.49
325	0.75	5.59
328	0.75	5.7
331	0.75	5.83
334	0.751	5.96
336	0.751	6.11
340	0.752	6.27
343	0.752	6.45
346	0.752	6.66
350	0.753	6.88
354	0.753	7.11
357	0.753	7.36
361	0.754	7.61
364	0.754	7.88
367	0.754	8.14
370	0.755	8.4
373	0.755	8.68
376	0.755	8.95
378	0.755	9.23
381	0.755	9.51
383	0.755	9.79
385	0.755	10.1
388	0.755	10.3
390	0.755	10.6
391	0.755	10.9
393	0.755	11.1
395	0.754	11.4
396	0.754	11.6
398	0.754	11.8
399	0.753	12
400	0.753	12.2
401	0.753	12.3
402	0.752	12.4
402	0.751	12.5
403	0.751	12.5
403	0.75	12.5
