13	0.367	0.647
13.2	0.365	0.644
13.3	0.363	0.642
13.4	0.36	0.639
13.6	0.358	0.636
13.7	0.356	0.633
13.9	0.353	0.63
14	0.35	0.627
14.2	0.348	0.624
14.3	0.345	0.621
14.4	0.342	0.618
14.4	0.34	0.615
14.3	0.338	0.614
14	0.337	0.614
13.7	0.337	0.614
13.4	0.337	0.615
13.2	0.336	0.615
12.9	0.335	0.615
12.8	0.335	0.614
12.7	0.334	0.613
12.5	0.332	0.612
12.4	0.33	0.61
12.3	0.327	0.609
12.2	0.324	0.61
12.2	0.319	0.626
12.2	0.315	0.634
12.2	0.312	0.645
12.5	0.309	0.652
12.6	0.307	0.658
12.9	0.303	0.659
13.2	0.3	0.658
13.5	0.296	0.656
13.9	0.291	0.651
14.2	0.287	0.646
14.6	0.282	0.64
15.1	0.278	0.634
15.5	0.273	0.628
15.9	0.269	0.621
16.4	0.265	0.614
16.8	0.261	0.608
17.3	0.256	0.601
17.8	0.252	0.594
18.3	0.248	0.587
18.8	0.244	0.58
19.3	0.241	0.574
19.9	0.237	0.567
20.4	0.233	0.561
21	0.229	0.554
21.6	0.226	0.548
22.1	0.222	0.542
22.8	0.219	0.535
23.4	0.215	0.529
24.1	0.212	0.523
24.7	0.209	0.517
25.4	0.206	0.511
26.2	0.202	0.505
26.9	0.199	0.499
27.7	0.196	0.493
28.5	0.193	0.487
29.3	0.19	0.482
30.1	0.188	0.476
31	0.185	0.47
31.8	0.182	0.465
32.7	0.179	0.459
33.7	0.177	0.454
34.9	0.173	0.446
36.1	0.169	0.437
37.4	0.166	0.428
38.8	0.162	0.42
40.3	0.158	0.411
41.9	0.154	0.401
43.6	0.15	0.39
45.4	0.145	0.38
47.3	0.141	0.369
49.3	0.136	0.357
51.4	0.132	0.346
53.4	0.127	0.335
54.8	0.124	0.326
55.4	0.122	0.323
56.9	0.121	0.32
58.7	0.119	0.316
60.8	0.116	0.306
61.9	0.115	0.304
62.8	0.113	0.301
64.1	0.112	0.297
66	0.109	0.29
67.7	0.107	0.285
68.9	0.105	0.28
70.1	0.103	0.275
71.5	0.101	0.269
72.9	0.0995	0.264
74.4	0.0976	0.259
75.9	0.0957	0.254
77.5	0.0938	0.249
79.1	0.0919	0.244
80.8	0.0901	0.239
82.5	0.0883	0.234
84.3	0.0865	0.229
86.2	0.0846	0.224
88.2	0.0828	0.22
90.2	0.081	0.215
92.3	0.0794	0.21
94.5	0.0776	0.205
96.9	0.0758	0.201
99.3	0.074	0.196
101	0.073	0.193
102	0.0724	0.192
104	0.0708	0.187
107	0.0691	0.183
109	0.0676	0.179
112	0.066	0.175
114	0.0647	0.171
117	0.0633	0.168
120	0.062	0.164
123	0.0605	0.161
126	0.0593	0.157
128	0.0581	0.154
132	0.0568	0.15
135	0.0555	0.147
138	0.0543	0.144
141	0.053	0.141
145	0.0518	0.137
149	0.0505	0.134
152	0.0495	0.131
156	0.0483	0.128
160	0.0471	0.125
165	0.0461	0.122
169	0.045	0.119
173	0.0439	0.116
178	0.0429	0.114
182	0.0418	0.111
187	0.0409	0.108
192	0.0399	0.106
197	0.039	0.103
202	0.038	0.101
207	0.0371	0.0985
213	0.0363	0.0963
218	0.0355	0.0941
224	0.0347	0.0919
229	0.0339	0.0899
235	0.0331	0.0878
241	0.0324	0.0859
247	0.0316	0.0839
253	0.0309	0.082
260	0.0302	0.0801
266	0.0296	0.0784
271	0.0291	0.077
278	0.0284	0.0752
285	0.0278	0.0736
292	0.0272	0.072
299	0.0266	0.0705
305	0.0261	0.0692
312	0.0256	0.0678
319	0.0251	0.0664
325	0.0246	0.065
327	0.0245	0.0648
334	0.0239	0.0634
341	0.0235	0.0622
348	0.0231	0.0612
356	0.0227	0.06
364	0.0222	0.0588
372	0.0218	0.0576
380	0.0214	0.0566
388	0.021	0.0555
395	0.0206	0.0545
403	0.0202	0.0535
411	0.0199	0.0525
419	0.0195	0.0516
428	0.0192	0.0507
437	0.0188	0.0498
446	0.0185	0.0489
455	0.0182	0.048
465	0.0178	0.0471
475	0.0175	0.0462
485	0.0172	0.0454
495	0.0169	0.0445
506	0.0165	0.0437
517	0.0162	0.0429
527	0.016	0.0421
538	0.0157	0.0413
549	0.0154	0.0406
560	0.0152	0.04
570	0.0149	0.0393
581	0.0147	0.0387
592	0.0145	0.0381
602	0.0143	0.0376
612	0.0141	0.0371
621	0.0139	0.0367
630	0.0138	0.0362
639	0.0136	0.0358
647	0.0135	0.0355
656	0.0134	0.0352
663	0.0133	0.0349
670	0.0132	0.0346
677	0.0131	0.0344
684	0.013	0.0342
690	0.013	0.034
695	0.0129	0.0339
700	0.0129	0.0338
705	0.0129	0.0337
710	0.0129	0.0337
714	0.0129	0.0337
718	0.0129	0.0336
721	0.0129	0.0337
725	0.0129	0.0337
728	0.013	0.0338
730	0.013	0.0339
733	0.0131	0.034
736	0.0131	0.0342
738	0.0132	0.0343
740	0.0133	0.0345
742	0.0133	0.0346
745	0.0134	0.0347
747	0.0135	0.0349
749	0.0136	0.035
751	0.0137	0.0353
754	0.0138	0.0355
756	0.0138	0.0356
758	0.0139	0.0359
760	0.014	0.0361
762	0.0141	0.0363
764	0.0143	0.0365
766	0.0144	0.0368
769	0.0145	0.037
771	0.0146	0.0372
773	0.0147	0.0375
775	0.0148	0.0377
778	0.0149	0.038
780	0.0151	0.0382
782	0.0152	0.0384
785	0.0153	0.0387
787	0.0154	0.0389
790	0.0156	0.0392
793	0.0157	0.0394
795	0.0158	0.0396
798	0.016	0.04
800	0.0161	0.0402
803	0.0162	0.0405
806	0.0164	0.0408
808	0.0165	0.0411
810	0.0166	0.0412
812	0.0167	0.0414
813	0.0168	0.0417
815	0.0169	0.0418
816	0.017	0.042
816	0.0171	0.0422
817	0.0172	0.0424
818	0.0173	0.0426
819	0.0175	0.0429
819	0.0176	0.0431
820	0.0177	0.0433
820	0.0178	0.0436
820	0.018	0.044
821	0.0182	0.0443
821	0.0183	0.0446
822	0.0185	0.0449
822	0.0187	0.0454
822	0.0189	0.0458
822	0.0191	0.0462
822	0.0193	0.0466
822	0.0195	0.047
822	0.0198	0.0475
822	0.02	0.048
822	0.0203	0.0485
822	0.0206	0.0492
821	0.0209	0.0498
821	0.0212	0.0504
820	0.0215	0.0508
822	0.0216	0.051
822	0.0218	0.0514
821	0.0222	0.0521
820	0.0225	0.0527
820	0.0228	0.0534
819	0.0232	0.0539
821	0.0233	0.0541
820	0.0236	0.0546
819	0.0239	0.0553
819	0.0243	0.0561
818	0.0247	0.0568
818	0.025	0.0574
818	0.0254	0.0581
819	0.0257	0.0588
819	0.0261	0.0594
819	0.0264	0.0601
820	0.0268	0.0609
820	0.0271	0.0615
820	0.0275	0.0623
821	0.0279	0.0631
822	0.0283	0.0637
822	0.0287	0.0646
823	0.0291	0.0653
823	0.0295	0.0663
824	0.0299	0.067
825	0.0304	0.068
826	0.0308	0.0688
827	0.0313	0.0699
828	0.0317	0.0708
828	0.0322	0.0719
829	0.0327	0.0728
830	0.0329	0.0733
831	0.0334	0.0743
832	0.0339	0.0754
833	0.0344	0.0765
834	0.035	0.0777
836	0.0355	0.0789
837	0.0361	0.0801
838	0.0367	0.0815
840	0.0373	0.0829
840	0.0379	0.0844
842	0.0386	0.0858
843	0.0392	0.0874
844	0.0399	0.089
845	0.0405	0.0904
847	0.0412	0.092
848	0.0418	0.0936
849	0.0425	0.0953
850	0.0433	0.0971
851	0.0439	0.0986
852	0.0447	0.1
854	0.0453	0.102
855	0.046	0.104
858	0.0465	0.105
861	0.0472	0.106
863	0.0479	0.108
866	0.0484	0.109
869	0.049	0.11
872	0.0497	0.111
875	0.0503	0.113
878	0.0508	0.114
880	0.0514	0.115
883	0.0521	0.117
886	0.0527	0.118
889	0.0532	0.119
889	0.0534	0.118
889	0.0523	0.115
886	0.0515	0.113
880	0.0513	0.113
871	0.052	0.115
865	0.0538	0.12
864	0.0554	0.124
866	0.057	0.128
867	0.0583	0.132
870	0.0594	0.134
872	0.061	0.138
873	0.0625	0.143
873	0.0645	0.148
873	0.0663	0.153
873	0.0681	0.157
875	0.07	0.162
876	0.0715	0.166
877	0.0734	0.171
878	0.0751	0.176
880	0.0767	0.18
882	0.0787	0.185
884	0.0806	0.19
886	0.0825	0.196
888	0.0843	0.2
891	0.0861	0.205
893	0.0883	0.211
896	0.0904	0.217
899	0.0926	0.223
901	0.0945	0.228
904	0.0967	0.234
907	0.0989	0.241
899	0.103	0.251
900	0.105	0.256
907	0.107	0.261
911	0.109	0.266
916	0.111	0.273
921	0.112	0.277
924	0.115	0.284
928	0.118	0.293
932	0.12	0.301
936	0.122	0.308
940	0.125	0.317
943	0.128	0.325
947	0.13	0.334
951	0.133	0.344
955	0.136	0.352
959	0.139	0.361
963	0.142	0.372
966	0.145	0.383
969	0.148	0.395
973	0.151	0.403
977	0.154	0.417
981	0.157	0.429
984	0.16	0.439
988	0.163	0.451
991	0.167	0.466
995	0.171	0.479
999	0.174	0.494
1000	0.177	0.503
1000	0.181	0.522
1010	0.185	0.536
1010	0.186	0.541
1010	0.188	0.548
1010	0.192	0.566
1020	0.195	0.576
1020	0.199	0.596
1020	0.201	0.604
1020	0.204	0.616
1020	0.21	0.644
1020	0.212	0.653
1010	0.217	0.675
1010	0.22	0.692
1010	0.22	0.693
1010	0.222	0.703
1010	0.223	0.709
1010	0.224	0.715
1010	0.225	0.718
1020	0.223	0.705
1020	0.223	0.705
1020	0.223	0.706
1020	0.224	0.71
1020	0.224	0.713
1020	0.225	0.716
1020	0.225	0.717
1020	0.225	0.718
1020	0.225	0.72
1020	0.226	0.72
1020	0.226	0.721
1020	0.226	0.72
1020	0.225	0.718
1020	0.224	0.715
1020	0.224	0.712
1020	0.221	0.695
1020	0.22	0.692
1020	0.22	0.691
1020	0.22	0.694
1020	0.221	0.696
1020	0.221	0.697
1020	0.22	0.695
1020	0.22	0.691
1020	0.219	0.69
1020	0.219	0.692
1020	0.221	0.702
1020	0.225	0.724
1020	0.227	0.731
1020	0.228	0.737
1020	0.229	0.741
1020	0.229	0.744
1020	0.229	0.745
1020	0.229	0.746
1020	0.23	0.747
1020	0.23	0.75
1020	0.23	0.75
1020	0.23	0.751
1020	0.23	0.749
1020	0.23	0.747
1020	0.23	0.747
1020	0.23	0.747
1020	0.23	0.748
1020	0.23	0.748
1020	0.23	0.749
1020	0.23	0.75
1020	0.23	0.75
1020	0.23	0.75
1020	0.23	0.75
1020	0.23	0.75
1020	0.23	0.75

