24.9	0.272	0.461
25	0.271	0.46
25.1	0.27	0.459
25.2	0.27	0.458
25.3	0.269	0.457
25.4	0.268	0.456
25.5	0.267	0.455
25.6	0.267	0.454
25.7	0.266	0.453
25.8	0.265	0.452
25.9	0.264	0.451
26.1	0.263	0.449
26.2	0.262	0.448
26.3	0.261	0.447
26.4	0.261	0.446
26.6	0.26	0.445
26.7	0.259	0.443
26.8	0.258	0.442
27	0.257	0.441
27.1	0.256	0.439
27.3	0.243	0.441
27.4	0.241	0.441
27.6	0.238	0.441
27.7	0.238	0.439
27.9	0.232	0.44
28	0.233	0.436
28.2	0.232	0.435
28.4	0.231	0.433
28.5	0.229	0.431
28.7	0.228	0.43
28.9	0.227	0.428
29.1	0.226	0.426
29.3	0.224	0.424
29.5	0.223	0.422
29.7	0.227	0.417
29.9	0.225	0.418
30.1	0.221	0.415
30.2	0.217	0.414
30.4	0.215	0.413
30.6	0.212	0.412
30.7	0.216	0.409
30.8	0.216	0.409
30.8	0.216	0.408
30.8	0.215	0.407
30.9	0.215	0.407
30.9	0.215	0.407
30.9	0.214	0.406
30.9	0.214	0.406
31	0.214	0.405
31	0.214	0.405
31	0.213	0.405
31	0.213	0.404
31.1	0.213	0.404
31.1	0.213	0.403
31.1	0.213	0.403
31.1	0.212	0.403
31.1	0.212	0.402
31.2	0.212	0.402
31.2	0.212	0.402
31.2	0.212	0.401
31.2	0.211	0.401
31.3	0.211	0.401
31.3	0.211	0.4
31.3	0.211	0.4
31.3	0.21	0.4
31.3	0.21	0.399
31.4	0.21	0.399
31.4	0.21	0.398
31.4	0.21	0.398
31.4	0.209	0.398
31.4	0.209	0.397
31.5	0.209	0.397
31.5	0.209	0.397
31.5	0.208	0.396
31.5	0.208	0.396
31.5	0.208	0.396
31.6	0.206	0.396
31.6	0.206	0.395
31.6	0.206	0.395
31.6	0.206	0.394
31.6	0.206	0.394
31.6	0.205	0.394
31.7	0.205	0.393
31.7	0.205	0.393
31.7	0.205	0.393
31.7	0.205	0.392
31.7	0.204	0.392
31.7	0.204	0.392
31.7	0.204	0.391
31.7	0.204	0.391
31.7	0.204	0.391
31.8	0.203	0.39
31.8	0.203	0.39
31.8	0.203	0.39
31.8	0.203	0.389
31.8	0.203	0.389
31.8	0.202	0.389
31.8	0.202	0.388
31.8	0.202	0.388
31.8	0.202	0.388
31.8	0.202	0.387
31.8	0.201	0.387
31.8	0.201	0.387
31.8	0.201	0.386
31.8	0.201	0.386
31.8	0.201	0.386
31.8	0.2	0.385
31.8	0.2	0.385
31.8	0.2	0.385
31.8	0.2	0.385
31.7	0.2	0.384
31.7	0.199	0.384
31.7	0.199	0.384
31.7	0.199	0.383
31.7	0.199	0.383
31.7	0.199	0.383
31.7	0.199	0.382
31.6	0.198	0.382
31.6	0.198	0.382
31.6	0.198	0.382
31.5	0.198	0.381
31.5	0.198	0.381
31.5	0.198	0.381
31.4	0.197	0.381
31.4	0.197	0.38
31.4	0.197	0.38
31.3	0.197	0.38
31.3	0.197	0.38
31.2	0.197	0.379
31.1	0.196	0.379
31	0.196	0.379
30.8	0.195	0.378
30.3	0.195	0.377
29.7	0.194	0.377
29.5	0.194	0.376
29.2	0.193	0.375
28.7	0.188	0.372
28.3	0.187	0.369
27.9	0.184	0.367
27.6	0.182	0.364
27.3	0.179	0.362
27.1	0.177	0.359
27	0.176	0.358
26.7	0.177	0.359
26.6	0.17	0.357
27.1	0.164	0.359
27.6	0.163	0.362
28.5	0.159	0.36
29.2	0.156	0.356
30.3	0.151	0.348
31.5	0.146	0.342
32.5	0.142	0.337
33.5	0.139	0.332
34.2	0.136	0.329
35.1	0.133	0.325
35.9	0.131	0.321
36.8	0.129	0.318
37.6	0.126	0.315
38.5	0.124	0.312
39.4	0.122	0.309
40.5	0.12	0.306
41.6	0.117	0.301
42.9	0.114	0.296
44.2	0.112	0.291
45.6	0.109	0.285
47.1	0.106	0.28
48.6	0.103	0.274
50.3	0.101	0.269
52	0.0982	0.263
53.7	0.0957	0.258
55.6	0.0931	0.252
57.5	0.0906	0.247
59.6	0.0882	0.241
61.8	0.0857	0.236
64	0.0833	0.23
66.4	0.0809	0.224
68.7	0.0789	0.22
71.2	0.0766	0.214
74	0.0741	0.208
77.2	0.0715	0.201
80.5	0.0688	0.195
84.1	0.0662	0.188
87.7	0.0638	0.181
91.5	0.0614	0.175
95.4	0.0592	0.169
99.4	0.0571	0.164
104	0.0551	0.158
108	0.0532	0.153
112	0.0514	0.149
117	0.0496	0.144
122	0.048	0.14
126	0.0464	0.136
132	0.0448	0.131
137	0.0433	0.127
143	0.0419	0.123
149	0.0404	0.119
155	0.039	0.116
162	0.0377	0.112
169	0.0363	0.108
176	0.035	0.104
184	0.0337	0.101
192	0.0324	0.0972
201	0.0312	0.0937
210	0.03	0.0902
220	0.0288	0.0868
230	0.0276	0.0834
241	0.0265	0.0802
253	0.0254	0.077
265	0.0243	0.0739
278	0.0233	0.0709
291	0.0223	0.068
306	0.0214	0.0651
321	0.0205	0.0624
336	0.0196	0.0598
352	0.0188	0.0574
368	0.018	0.0551
384	0.0173	0.053
400	0.0167	0.051
416	0.0161	0.0492
432	0.0155	0.0476
448	0.015	0.0461
463	0.0146	0.0446
479	0.0141	0.0433
494	0.0137	0.0421
509	0.0133	0.0409
524	0.013	0.0398
539	0.0126	0.0388
553	0.0123	0.0379
567	0.012	0.037
581	0.0118	0.0362
595	0.0115	0.0354
608	0.0113	0.0347
621	0.0111	0.0341
633	0.0109	0.0334
646	0.0107	0.0328
658	0.0105	0.0323
670	0.0103	0.0318
682	0.0101	0.0312
693	0.00998	0.0307
705	0.00983	0.0303
717	0.00968	0.0298
729	0.00953	0.0294
740	0.00939	0.0289
751	0.00926	0.0285
763	0.00913	0.0281
774	0.00901	0.0278
785	0.00889	0.0274
796	0.00878	0.0271
807	0.00867	0.0267
818	0.00856	0.0264
828	0.00846	0.0261
839	0.00836	0.0258
850	0.00826	0.0255
860	0.00817	0.0252
871	0.00808	0.0249
881	0.00799	0.0246
891	0.0079	0.0244
902	0.00782	0.0241
912	0.00774	0.0239
922	0.00766	0.0236
932	0.00758	0.0234
942	0.00751	0.0232
952	0.00744	0.023
961	0.00737	0.0228
971	0.00731	0.0226
981	0.00724	0.0224
990	0.00718	0.0222
1000	0.00712	0.022
1010	0.00706	0.0218
1020	0.007	0.0216
1030	0.00694	0.0214
1040	0.00689	0.0213
1050	0.00684	0.0211
1050	0.00678	0.021
1060	0.00674	0.0208
1070	0.00669	0.0207
1080	0.00664	0.0205
1090	0.00659	0.0204
1100	0.00655	0.0202
1110	0.00651	0.0201
1110	0.00646	0.02
1120	0.00642	0.0198
1130	0.00638	0.0197
1140	0.00634	0.0196
1150	0.00631	0.0195
1150	0.00627	0.0194
1160	0.00624	0.0193
1170	0.0062	0.0192
1180	0.00617	0.0191
1180	0.00614	0.019
1190	0.00611	0.0189
1200	0.00608	0.0188
1200	0.00605	0.0187
1210	0.00602	0.0186
1220	0.00599	0.0185
1220	0.00597	0.0184
1230	0.00594	0.0183
1240	0.00592	0.0183
1240	0.00589	0.0182
1250	0.00587	0.0181
1250	0.00585	0.0181
1260	0.00583	0.018
1270	0.0058	0.0179
1270	0.00578	0.0179
1280	0.00576	0.0178
1280	0.00574	0.0177
1290	0.00572	0.0177
1290	0.00571	0.0176
1300	0.00569	0.0176
1300	0.00567	0.0175
1310	0.00566	0.0174
1310	0.00564	0.0174
1320	0.00562	0.0173
1330	0.00561	0.0173
1330	0.00559	0.0172
1340	0.00558	0.0172
1340	0.00556	0.0171
1340	0.00555	0.0171
1350	0.00553	0.0171
1360	0.00552	0.017
1360	0.0055	0.017
1370	0.00549	0.0169
1370	0.00547	0.0169
1380	0.00546	0.0168
1380	0.00545	0.0168
1390	0.00543	0.0167
1390	0.00542	0.0167
1390	0.00541	0.0167
1400	0.0054	0.0166
1400	0.00539	0.0166
1410	0.00538	0.0166
1410	0.00537	0.0165
1420	0.00536	0.0165
1420	0.00535	0.0165
1430	0.00534	0.0164
1430	0.00533	0.0164
1430	0.00532	0.0164
1440	0.00531	0.0163
1440	0.0053	0.0163
1450	0.00529	0.0163
1450	0.00528	0.0163
1450	0.00528	0.0162
1460	0.00527	0.0162
1460	0.00526	0.0162
1470	0.00525	0.0161
1470	0.00524	0.0161
1470	0.00524	0.0161
1480	0.00523	0.0161
1480	0.00522	0.016
1490	0.00521	0.016
1490	0.00521	0.016
1490	0.0052	0.016
1500	0.00519	0.0159
1500	0.00518	0.0159
1500	0.00518	0.0159
1510	0.00517	0.0159
1510	0.00516	0.0158
1520	0.00516	0.0158
1520	0.00515	0.0158
1520	0.00514	0.0158
1530	0.00514	0.0158
1530	0.00513	0.0157
1540	0.00512	0.0157
1540	0.00512	0.0157
1540	0.00511	0.0157
1550	0.00511	0.0156
1550	0.0051	0.0156
1550	0.00509	0.0156
1560	0.00509	0.0156
1560	0.00508	0.0156
1570	0.00508	0.0155
1570	0.00507	0.0155
1570	0.00507	0.0155
1580	0.00506	0.0155
1580	0.00505	0.0155
1580	0.00505	0.0154
1590	0.00504	0.0154
1590	0.00504	0.0154
1600	0.00503	0.0154
1600	0.00503	0.0154
1600	0.00502	0.0154
1610	0.00502	0.0153
1610	0.00501	0.0153
1610	0.00501	0.0153
1620	0.005	0.0153
1620	0.005	0.0153
1620	0.005	0.0153
1630	0.00499	0.0153
1630	0.00499	0.0153
1630	0.00499	0.0153
1640	0.00498	0.0152
1640	0.00499	0.0152
1640	0.00499	0.0152
1640	0.00499	0.0153
1640	0.00499	0.0153
1650	0.00499	0.0153
1650	0.00499	0.0153
1650	0.005	0.0153
1650	0.005	0.0153
1650	0.00501	0.0154
1650	0.00502	0.0154
1650	0.00503	0.0155
1650	0.00504	0.0155
1650	0.00506	0.0156
1650	0.00508	0.0157
1650	0.0051	0.0158
1650	0.00513	0.0159
1650	0.00517	0.0161
1650	0.0052	0.0162
1650	0.00524	0.0164
1650	0.00528	0.0165
1650	0.00532	0.0167
1650	0.00535	0.0168
1650	0.00538	0.0169
1650	0.0054	0.017
1650	0.00541	0.017
1660	0.00542	0.0171
1660	0.00543	0.0171
1660	0.00546	0.0171
1660	0.00545	0.0171
1670	0.00542	0.017
1670	0.00539	0.0169
1680	0.00536	0.0168
1680	0.00533	0.0167
1680	0.00532	0.0167
1680	0.00535	0.0167
1680	0.00538	0.0168
1680	0.00539	0.0169
1680	0.0054	0.0169
1680	0.0054	0.0169
1680	0.0054	0.0169
1680	0.0054	0.0169
1690	0.00538	0.0169
1690	0.00537	0.0168
1690	0.00536	0.0168
1690	0.00535	0.0167
1690	0.00532	0.0167
1690	0.00531	0.0166
1690	0.00528	0.0165
1680	0.00527	0.0165
