2.42	0.49	0.819
2.34	0.482	0.81
2.51	0.454	0.779
2.62	0.446	0.77
2.7	0.445	0.793
2.79	0.439	0.786
2.89	0.434	0.795
2.97	0.429	0.799
2.99	0.428	0.797
3.1	0.423	0.79
3.21	0.417	0.791
3.33	0.412	0.784
3.45	0.407	0.777
3.58	0.401	0.773
3.71	0.397	0.766
3.85	0.392	0.759
3.99	0.388	0.752
4.14	0.384	0.745
4.3	0.377	0.738
4.46	0.373	0.73
4.64	0.369	0.724
4.82	0.365	0.717
5.01	0.361	0.71
5.2	0.357	0.702
5.41	0.353	0.695
5.63	0.349	0.688
5.86	0.344	0.68
6.11	0.34	0.673
6.36	0.336	0.665
6.63	0.332	0.658
6.92	0.328	0.65
7.22	0.324	0.642
7.54	0.319	0.634
7.89	0.315	0.626
8.25	0.311	0.618
8.63	0.307	0.61
9.04	0.302	0.601
9.47	0.298	0.592
9.94	0.292	0.582
10.2	0.289	0.575
10.4	0.286	0.569
10.9	0.279	0.555
11.1	0.273	0.542
10.8	0.273	0.542
10.4	0.276	0.548
10	0.28	0.556
9.69	0.283	0.562
9.42	0.285	0.565
9.16	0.286	0.567
8.94	0.287	0.569
8.74	0.289	0.573
8.55	0.289	0.573
8.37	0.29	0.574
8.21	0.29	0.575
8.08	0.292	0.578
7.94	0.291	0.576
7.81	0.291	0.576
7.69	0.291	0.577
7.58	0.291	0.577
7.48	0.291	0.576
7.38	0.291	0.576
7.29	0.291	0.574
7.22	0.29	0.573
7.14	0.29	0.572
7.06	0.289	0.571
6.99	0.289	0.57
6.92	0.288	0.568
6.86	0.288	0.567
6.79	0.287	0.565
6.73	0.286	0.563
6.66	0.286	0.562
6.61	0.285	0.56
6.55	0.284	0.558
6.49	0.283	0.556
6.45	0.283	0.554
6.43	0.282	0.554
6.42	0.282	0.553
6.4	0.282	0.553
6.38	0.282	0.552
6.35	0.281	0.551
6.33	0.281	0.55
6.32	0.282	0.551
6.29	0.281	0.55
6.26	0.279	0.547
6.22	0.279	0.545
6.2	0.278	0.544
6.2	0.278	0.544
6.19	0.278	0.543
6.17	0.278	0.543
6.16	0.277	0.542
6.16	0.277	0.542
6.16	0.277	0.541
6.15	0.277	0.541
6.15	0.276	0.54
6.14	0.276	0.54
6.14	0.276	0.54
6.14	0.276	0.54
6.14	0.276	0.54
6.14	0.276	0.539
6.13	0.276	0.539
6.13	0.276	0.538
6.13	0.275	0.537
6.12	0.275	0.537
6.12	0.275	0.536
6.12	0.275	0.536
6.12	0.275	0.536
6.12	0.275	0.536
6.12	0.275	0.536
6.12	0.274	0.535
6.12	0.274	0.535
6.11	0.274	0.535
6.11	0.274	0.535
6.11	0.274	0.535
6.11	0.274	0.535
6.11	0.274	0.534
6.11	0.274	0.534
6.11	0.274	0.534
6.11	0.274	0.534
6.11	0.274	0.534
6.11	0.273	0.533
6.11	0.273	0.533
6.11	0.273	0.533
6.11	0.273	0.533
6.11	0.273	0.533
6.11	0.273	0.533
6.11	0.273	0.533
6.11	0.273	0.533
6.11	0.273	0.533
6.11	0.273	0.532
6.11	0.273	0.532
6.1	0.273	0.532
6.1	0.272	0.531
6.1	0.272	0.531
6.1	0.273	0.532
6.1	0.273	0.531
6.11	0.272	0.53
6.11	0.272	0.53
6.11	0.272	0.529
6.11	0.272	0.529
6.11	0.271	0.529
6.11	0.272	0.53
6.11	0.272	0.53
6.11	0.272	0.529
6.11	0.272	0.529
6.11	0.272	0.528
6.11	0.272	0.528
6.11	0.271	0.528
6.11	0.271	0.527
6.12	0.271	0.527
6.12	0.27	0.526
6.12	0.27	0.526
6.12	0.27	0.526
6.12	0.27	0.526
6.12	0.27	0.526
6.12	0.27	0.526
6.12	0.27	0.526
6.12	0.27	0.525
6.12	0.27	0.525
6.12	0.27	0.525
6.12	0.27	0.525
6.12	0.27	0.525
6.12	0.27	0.525
6.12	0.27	0.525
6.12	0.27	0.525
6.12	0.27	0.525
6.13	0.269	0.525
6.13	0.269	0.524
6.13	0.269	0.524
6.13	0.269	0.523
6.13	0.269	0.523
6.14	0.269	0.523
6.14	0.269	0.523
6.14	0.269	0.523
6.14	0.268	0.522
6.14	0.268	0.523
6.14	0.268	0.522
6.15	0.268	0.521
6.17	0.267	0.519
6.18	0.266	0.518
6.18	0.266	0.518
6.18	0.266	0.518
6.18	0.266	0.518
6.19	0.266	0.518
6.19	0.266	0.518
6.19	0.266	0.518
6.19	0.266	0.518
6.19	0.266	0.517
6.19	0.266	0.518
6.19	0.266	0.518
6.19	0.266	0.517
6.19	0.266	0.517
6.19	0.266	0.517
6.2	0.266	0.517
6.2	0.265	0.516
6.2	0.265	0.516
6.21	0.265	0.516
6.21	0.265	0.516
6.21	0.265	0.516
6.21	0.265	0.516
6.21	0.265	0.515
6.22	0.265	0.515
6.22	0.265	0.515
6.22	0.265	0.515
6.22	0.265	0.515
6.22	0.265	0.515
6.22	0.265	0.515
6.22	0.265	0.515
6.23	0.265	0.515
6.23	0.264	0.514
6.24	0.264	0.514
6.24	0.264	0.514
6.24	0.264	0.514
6.24	0.264	0.514
6.24	0.264	0.514
6.24	0.264	0.514
6.24	0.264	0.514
6.25	0.264	0.514
6.26	0.264	0.513
6.26	0.263	0.512
6.27	0.263	0.512
6.28	0.263	0.511
6.29	0.263	0.511
6.3	0.262	0.511
6.3	0.262	0.51
6.31	0.262	0.51
6.31	0.262	0.51
6.32	0.262	0.51
6.32	0.262	0.509
6.32	0.262	0.509
6.33	0.262	0.509
6.33	0.261	0.509
6.33	0.261	0.508
6.34	0.261	0.508
6.34	0.261	0.508
6.34	0.261	0.508
6.35	0.261	0.508
6.35	0.261	0.508
6.35	0.261	0.507
6.34	0.259	0.503
6.17	0.262	0.508
6.08	0.264	0.513
6.06	0.265	0.514
6.07	0.264	0.513
6.1	0.263	0.511
6.21	0.26	0.505
6.35	0.257	0.498
6.55	0.252	0.49
6.83	0.248	0.481
7.17	0.241	0.47
7.54	0.236	0.46
7.95	0.231	0.451
8.38	0.226	0.442
8.85	0.221	0.433
9.33	0.217	0.426
9.53	0.216	0.423
9.83	0.212	0.416
9.82	0.208	0.406
9.46	0.21	0.41
9.01	0.215	0.419
8.6	0.22	0.429
8.24	0.225	0.438
7.93	0.229	0.446
7.71	0.232	0.451
7.72	0.232	0.452
8.03	0.229	0.445
8.37	0.226	0.44
8.75	0.223	0.434
9.22	0.219	0.428
9.75	0.216	0.423
10.3	0.213	0.417
11	0.21	0.411
11.6	0.207	0.405
12.3	0.203	0.399
13.1	0.2	0.393
13.9	0.197	0.387
14.8	0.193	0.381
15.7	0.19	0.375
16.7	0.187	0.369
17.7	0.183	0.363
18.8	0.18	0.356
19.9	0.177	0.35
21.1	0.174	0.345
22.3	0.171	0.339
23.6	0.168	0.333
24.9	0.165	0.327
26.2	0.162	0.322
27.4	0.16	0.318
28.7	0.157	0.313
30.1	0.155	0.308
31.5	0.152	0.304
32.9	0.15	0.3
34.3	0.148	0.296
35.7	0.146	0.292
37.2	0.145	0.289
38.6	0.143	0.286
40	0.142	0.284
41.3	0.141	0.282
42.2	0.142	0.283
43	0.143	0.287
43.6	0.146	0.293
44	0.151	0.303
44.2	0.157	0.314
44.3	0.165	0.331
44.3	0.173	0.348
44.3	0.184	0.369
44.3	0.195	0.393
44.4	0.207	0.417
44.7	0.221	0.444
45.1	0.234	0.47
45.7	0.248	0.5
46.5	0.261	0.525
47.6	0.273	0.551
48.9	0.283	0.572
50.4	0.293	0.593
52.1	0.301	0.608
53.9	0.307	0.623
55.8	0.313	0.636
57.8	0.316	0.643
59.9	0.319	0.647
61.8	0.322	0.655
63.4	0.326	0.665
64.5	0.329	0.674
65.7	0.336	0.691
67	0.344	0.711
68.4	0.352	0.731
69.9	0.36	0.752
71.4	0.366	0.767
72.9	0.373	0.787
74.5	0.379	0.807
76.1	0.386	0.826
77.8	0.392	0.845
79.5	0.399	0.866
81.3	0.406	0.888
83.1	0.41	0.901
85	0.414	0.915
86.9	0.421	0.94
88.8	0.426	0.96
90.8	0.43	0.973
92.9	0.435	0.992
95	0.44	1.01
97.1	0.446	1.04
99.3	0.444	1.03
102	0.43	0.979
104	0.436	1.01
106	0.442	1.03
108	0.449	1.06
111	0.455	1.09
113	0.461	1.12
116	0.467	1.15
118	0.473	1.18
120	0.479	1.21
123	0.484	1.24
125	0.49	1.28
128	0.497	1.32
130	0.503	1.35
133	0.509	1.39
135	0.514	1.43
138	0.52	1.46
140	0.525	1.5
143	0.53	1.54
145	0.535	1.58
148	0.54	1.62
150	0.545	1.66
153	0.55	1.71
155	0.555	1.75
158	0.56	1.8
160	0.565	1.84
163	0.569	1.89
165	0.574	1.93
167	0.578	1.98
170	0.583	2.03
172	0.587	2.08
174	0.619	2.34
176	0.62	2.36
178	0.62	2.39
180	0.621	2.42
182	0.621	2.45
184	0.622	2.48
186	0.623	2.51
188	0.624	2.54
190	0.625	2.56
191	0.626	2.59
193	0.627	2.62
194	0.628	2.65
195	0.629	2.68
196	0.631	2.7
197	0.632	2.72
197	0.633	2.74
198	0.634	2.76
198	0.635	2.78
199	0.636	2.8
200	0.637	2.82
200	0.638	2.84
201	0.639	2.86
201	0.64	2.88
202	0.641	2.9
203	0.641	2.92
203	0.642	2.94
204	0.643	2.97
205	0.644	2.99
206	0.644	3.01
207	0.645	3.03
207	0.646	3.05
208	0.646	3.07
209	0.647	3.1
210	0.648	3.12
211	0.648	3.14
211	0.649	3.17
212	0.649	3.2
213	0.65	3.22
214	0.65	3.25
215	0.651	3.28
216	0.651	3.31
217	0.652	3.34
218	0.652	3.36
219	0.653	3.39
220	0.653	3.42
221	0.654	3.45
222	0.654	3.49
223	0.654	3.51
224	0.655	3.55
226	0.655	3.58
227	0.656	3.62
228	0.656	3.65
229	0.656	3.69
230	0.657	3.73
232	0.657	3.77
233	0.657	3.8
234	0.658	3.84
235	0.658	3.89
237	0.658	3.93
238	0.658	3.98
239	0.659	4.03
241	0.659	4.08
242	0.659	4.13
244	0.66	4.19
245	0.66	4.24
247	0.66	4.3
248	0.66	4.36
250	0.66	4.42
251	0.661	4.48
253	0.661	4.54
254	0.661	4.6
256	0.661	4.66
257	0.661	4.72
258	0.661	4.78
260	0.661	4.84
261	0.661	4.9
262	0.661	4.96
263	0.661	5.02
265	0.661	5.08
266	0.661	5.14
267	0.66	5.19
268	0.66	5.24
269	0.66	5.3
270	0.66	5.35
271	0.66	5.4
272	0.659	5.44
273	0.659	5.49
274	0.659	5.53
274	0.658	5.57
275	0.658	5.61
276	0.657	5.65
277	0.657	5.68
277	0.656	5.71
278	0.656	5.73
279	0.655	5.75
279	0.654	5.77
279	0.654	5.78
280	0.653	5.79
280	0.652	5.79
280	0.651	5.79
281	0.65	5.78
281	0.649	5.76
281	0.648	5.73
