1.38	0.476	0.867
1.42	0.466	0.854
1.43	0.466	0.854
1.43	0.465	0.852
1.44	0.463	0.85
1.45	0.462	0.848
1.45	0.461	0.846
1.46	0.46	0.844
1.47	0.458	0.842
1.49	0.455	0.837
1.53	0.445	0.819
1.59	0.434	0.801
1.65	0.425	0.786
1.71	0.416	0.772
1.78	0.407	0.759
1.85	0.4	0.749
1.92	0.394	0.739
1.99	0.388	0.73
2.02	0.385	0.727
2.06	0.382	0.722
2.14	0.376	0.713
2.22	0.371	0.705
2.3	0.365	0.697
2.39	0.36	0.689
2.47	0.355	0.681
2.57	0.35	0.674
2.66	0.345	0.666
2.76	0.34	0.658
2.87	0.336	0.65
2.97	0.331	0.642
3.09	0.326	0.635
3.21	0.322	0.627
3.33	0.318	0.619
3.46	0.313	0.611
3.59	0.309	0.603
3.74	0.304	0.596
3.88	0.3	0.588
4.04	0.296	0.58
4.2	0.292	0.573
4.37	0.288	0.565
4.54	0.284	0.558
4.72	0.28	0.55
4.91	0.276	0.543
5.1	0.272	0.536
5.3	0.269	0.53
5.5	0.265	0.523
5.71	0.262	0.516
5.92	0.258	0.51
6.13	0.255	0.503
6.35	0.252	0.497
6.58	0.249	0.491
6.81	0.246	0.485
7.05	0.243	0.479
7.29	0.24	0.474
7.53	0.237	0.469
7.79	0.234	0.464
8.04	0.232	0.459
8.28	0.23	0.454
8.51	0.228	0.452
8.7	0.228	0.451
8.88	0.228	0.451
9.04	0.229	0.453
9.17	0.231	0.456
9.29	0.233	0.461
9.4	0.237	0.468
9.5	0.241	0.476
9.59	0.245	0.485
9.67	0.251	0.497
9.74	0.258	0.51
9.8	0.265	0.525
9.86	0.274	0.543
9.9	0.284	0.563
9.94	0.296	0.585
9.98	0.309	0.61
10	0.322	0.638
10.1	0.337	0.667
10.1	0.353	0.697
10.2	0.368	0.728
10.3	0.384	0.758
10.5	0.398	0.787
10.6	0.412	0.815
10.8	0.425	0.842
10.9	0.437	0.865
11.1	0.448	0.888
11.3	0.458	0.908
11.5	0.466	0.926
11.7	0.474	0.941
11.9	0.48	0.955
12.1	0.485	0.966
12.3	0.49	0.976
12.5	0.493	0.985
12.7	0.497	0.993
12.9	0.5	0.999
13.1	0.502	1.01
13.2	0.505	1.01
13.4	0.507	1.02
13.6	0.509	1.02
13.7	0.51	1.03
13.9	0.511	1.03
14	0.513	1.03
14.2	0.514	1.04
14.3	0.515	1.04
14.5	0.516	1.04
14.6	0.517	1.04
14.8	0.518	1.05
14.9	0.518	1.05
15	0.519	1.05
15.2	0.52	1.05
15.3	0.52	1.05
15.4	0.521	1.06
15.6	0.522	1.06
15.7	0.522	1.06
15.8	0.522	1.06
16	0.523	1.06
16.1	0.523	1.06
16.2	0.523	1.06
16.3	0.523	1.07
16.5	0.524	1.07
16.6	0.524	1.07
16.7	0.524	1.07
16.8	0.524	1.07
16.9	0.525	1.07
17.1	0.525	1.07
17.2	0.525	1.07
17.3	0.525	1.07
17.4	0.525	1.07
17.5	0.525	1.08
17.7	0.525	1.08
17.8	0.525	1.08
17.9	0.525	1.08
18	0.525	1.08
18.1	0.525	1.08
18.2	0.525	1.08
18.4	0.525	1.08
18.5	0.525	1.08
18.6	0.525	1.08
18.7	0.525	1.08
18.8	0.525	1.08
18.9	0.525	1.08
19	0.524	1.08
19.1	0.524	1.08
19.2	0.524	1.08
19.3	0.524	1.08
19.4	0.524	1.08
19.5	0.524	1.08
19.7	0.524	1.08
19.8	0.524	1.08
19.9	0.524	1.08
20	0.523	1.08
20.1	0.523	1.08
20.2	0.523	1.08
20.3	0.523	1.08
20.4	0.522	1.08
20.5	0.522	1.08
20.6	0.522	1.08
20.7	0.522	1.08
20.8	0.521	1.08
20.9	0.521	1.08
21	0.521	1.08
21.1	0.521	1.08
21.2	0.521	1.08
21.3	0.52	1.08
21.4	0.521	1.08
21.5	0.52	1.08
21.6	0.52	1.08
21.7	0.52	1.08
21.8	0.519	1.08
21.9	0.519	1.08
22	0.519	1.08
22.1	0.519	1.08
22.2	0.518	1.08
22.3	0.518	1.08
22.4	0.518	1.08
22.5	0.518	1.08
22.6	0.518	1.08
22.7	0.517	1.08
22.8	0.517	1.08
22.9	0.517	1.08
23	0.517	1.08
23.1	0.516	1.08
23.2	0.516	1.08
23.3	0.516	1.08
23.4	0.515	1.08
23.5	0.515	1.08
23.6	0.515	1.08
23.7	0.515	1.08
23.8	0.514	1.08
23.9	0.514	1.08
24	0.514	1.08
24.1	0.514	1.08
24.1	0.514	1.08
24.2	0.513	1.08
24.3	0.513	1.08
24.4	0.513	1.08
24.5	0.513	1.08
24.6	0.512	1.08
24.7	0.512	1.08
24.8	0.512	1.08
24.9	0.512	1.08
25	0.511	1.08
25.1	0.511	1.08
25.2	0.511	1.08
25.3	0.511	1.08
25.4	0.51	1.08
25.5	0.51	1.08
25.5	0.51	1.08
25.6	0.51	1.08
25.7	0.509	1.08
25.8	0.509	1.08
25.9	0.509	1.08
26	0.509	1.08
26.1	0.508	1.08
26.2	0.508	1.08
26.3	0.508	1.08
26.4	0.507	1.08
26.5	0.507	1.08
26.5	0.507	1.08
26.6	0.507	1.08
26.7	0.507	1.08
26.8	0.506	1.08
26.9	0.506	1.08
27	0.506	1.08
27.1	0.505	1.07
27.2	0.505	1.08
27.3	0.505	1.08
27.3	0.504	1.07
27.4	0.504	1.07
27.5	0.504	1.07
27.6	0.504	1.07
27.7	0.503	1.07
27.8	0.503	1.07
27.9	0.503	1.07
28	0.503	1.07
28	0.502	1.07
28.1	0.502	1.07
28.2	0.502	1.07
28.3	0.502	1.07
28.4	0.501	1.07
28.5	0.501	1.07
28.6	0.501	1.07
28.6	0.501	1.07
28.7	0.5	1.07
28.8	0.5	1.07
28.9	0.5	1.07
29	0.499	1.07
29.1	0.499	1.07
29.1	0.499	1.07
29.1	0.498	1.07
29.1	0.499	1.07
29.1	0.498	1.07
29.1	0.497	1.06
29.1	0.498	1.06
29.1	0.499	1.07
29.1	0.5	1.07
29.1	0.502	1.08
29.1	0.506	1.09
29.1	0.509	1.09
29.1	0.51	1.1
29.1	0.511	1.1
29.1	0.512	1.1
29.1	0.512	1.1
29.1	0.514	1.1
29.1	0.515	1.11
29.1	0.516	1.11
29.1	0.516	1.11
29.1	0.516	1.11
29.1	0.516	1.11
29.1	0.516	1.11
29.1	0.515	1.1
29.1	0.514	1.1
29.1	0.513	1.09
29.1	0.51	1.09
29.1	0.506	1.07
29.1	0.5	1.05
29.1	0.493	1.03
29.1	0.483	1
29	0.472	0.968
28.9	0.462	0.94
28.7	0.452	0.912
28.4	0.444	0.89
28.1	0.436	0.867
27.7	0.428	0.846
27.4	0.421	0.827
27	0.415	0.81
26.5	0.409	0.794
26.1	0.405	0.783
25.7	0.4	0.769
25.2	0.395	0.756
24.8	0.39	0.744
24.3	0.386	0.733
23.9	0.382	0.722
23.4	0.378	0.712
23	0.374	0.702
22.6	0.37	0.692
22.1	0.367	0.683
21.7	0.363	0.674
21.3	0.359	0.666
20.9	0.356	0.657
20.5	0.352	0.649
20.1	0.349	0.64
19.7	0.345	0.632
19.3	0.341	0.624
19	0.339	0.618
18.6	0.335	0.609
18.3	0.331	0.601
17.9	0.326	0.592
17.6	0.322	0.583
17.3	0.318	0.574
17	0.313	0.565
16.7	0.308	0.555
16.5	0.303	0.546
16.2	0.298	0.536
16	0.292	0.526
15.7	0.286	0.515
15.5	0.28	0.505
15.3	0.274	0.494
15.2	0.268	0.484
15	0.262	0.476
14.9	0.257	0.473
14.8	0.251	0.467
14.8	0.243	0.454
14.8	0.23	0.431
14.8	0.218	0.407
14.8	0.207	0.388
14.7	0.198	0.372
14.7	0.189	0.356
14.7	0.18	0.341
14.8	0.171	0.324
15	0.162	0.307
15.1	0.154	0.293
15.1	0.148	0.282
15	0.143	0.273
14.9	0.139	0.267
14.7	0.137	0.262
14.5	0.135	0.259
14.2	0.134	0.257
13.9	0.133	0.256
13.6	0.133	0.257
13.2	0.134	0.259
12.8	0.136	0.263
12.4	0.138	0.268
11.9	0.142	0.274
11.4	0.145	0.281
10.9	0.149	0.288
10.5	0.153	0.296
10	0.157	0.305
9.56	0.162	0.314
9.13	0.167	0.323
8.71	0.171	0.333
8.3	0.177	0.343
7.91	0.182	0.354
7.53	0.188	0.365
7.17	0.194	0.377
6.82	0.2	0.389
6.48	0.206	0.402
6.17	0.213	0.416
5.88	0.22	0.43
5.63	0.227	0.444
5.47	0.233	0.456
5.71	0.233	0.456
6	0.229	0.449
6.27	0.226	0.442
6.53	0.222	0.434
6.7	0.218	0.426
6.58	0.219	0.428
6.61	0.219	0.428
6.59	0.218	0.426
6.44	0.219	0.427
6.32	0.219	0.428
6.22	0.219	0.428
6.12	0.22	0.429
6.01	0.22	0.429
5.91	0.22	0.43
5.81	0.225	0.439
5.71	0.224	0.437
5.61	0.223	0.435
5.52	0.222	0.433
5.44	0.221	0.431
5.38	0.221	0.43
5.34	0.22	0.428
5.36	0.219	0.425
5.41	0.217	0.421
5.43	0.215	0.417
5.46	0.213	0.413
5.47	0.212	0.41
5.49	0.21	0.406
5.5	0.208	0.403
5.51	0.207	0.399
5.53	0.205	0.396
5.54	0.204	0.393
5.55	0.202	0.389
5.57	0.201	0.386
5.57	0.199	0.383
5.59	0.198	0.38
5.59	0.196	0.377
5.61	0.195	0.374
5.62	0.193	0.37
5.63	0.192	0.367
5.64	0.191	0.366
5.64	0.191	0.365
5.64	0.191	0.365
5.64	0.191	0.365
5.64	0.191	0.365
5.64	0.191	0.365
5.64	0.191	0.364
5.64	0.191	0.364
5.64	0.191	0.364
5.64	0.19	0.364
5.64	0.19	0.364
5.64	0.19	0.363
5.64	0.19	0.363
5.65	0.189	0.361
5.66	0.189	0.36
5.67	0.188	0.359
5.69	0.187	0.357
5.75	0.185	0.353
5.78	0.184	0.351
5.81	0.183	0.348
5.89	0.181	0.344
5.99	0.178	0.339
6.01	0.178	0.338
6.05	0.177	0.336
6.13	0.175	0.333
6.15	0.174	0.332
6.23	0.173	0.329
6.31	0.172	0.326
6.33	0.171	0.326
6.36	0.171	0.325
6.47	0.169	0.321
6.65	0.166	0.316
6.75	0.165	0.313
6.82	0.164	0.311
6.89	0.163	0.31
6.99	0.161	0.307
7.04	0.161	0.306
7.13	0.16	0.304
7.24	0.158	0.301
7.39	0.157	0.298
7.53	0.155	0.295
7.6	0.154	0.293
7.72	0.153	0.291
7.99	0.15	0.286
8.28	0.147	0.28
8.52	0.145	0.276
8.93	0.142	0.27
9.37	0.138	0.263
9.82	0.135	0.257
10.3	0.132	0.251
10.8	0.128	0.245
11.2	0.125	0.239
11.7	0.123	0.234
12.3	0.12	0.229
12.8	0.117	0.224
13.3	0.115	0.22
13.8	0.113	0.216
14.4	0.111	0.212
14.8	0.109	0.207
14.7	0.106	0.202
14	0.108	0.206
13.4	0.111	0.212
12.9	0.114	0.217
12.5	0.116	0.221
12	0.119	0.226
11.5	0.122	0.232
11.1	0.124	0.236
10.8	0.127	0.241
10.5	0.128	0.244
10.6	0.127	0.242
11.1	0.124	0.236
11.5	0.121	0.231
11.9	0.119	0.226
12.4	0.116	0.22
12.8	0.113	0.215
13.3	0.111	0.21
13.8	0.108	0.206
14.3	0.106	0.202
14.9	0.104	0.197
15.4	0.102	0.194
15.8	0.101	0.191
16.2	0.1	0.19
16.6	0.0997	0.189
17	0.1	0.19
17.3	0.101	0.192
17.5	0.103	0.195
17.7	0.105	0.199
17.9	0.108	0.204
18.1	0.111	0.21
18.3	0.115	0.218
18.4	0.12	0.227
18.5	0.126	0.237
18.6	0.132	0.25
18.7	0.139	0.263
18.8	0.147	0.277
18.9	0.155	0.292
19.1	0.164	0.308
19.3	0.172	0.324
19.5	0.181	0.34
19.8	0.189	0.357
20	0.198	0.374
20.3	0.207	0.39
20.7	0.215	0.406
21	0.223	0.422
21.4	0.231	0.438
21.8	0.239	0.454
22.3	0.248	0.471
22.7	0.254	0.485
23.2	0.263	0.502
23.7	0.269	0.516
24.3	0.277	0.533
24.8	0.284	0.547
25.4	0.291	0.564
26.1	0.297	0.579
26.7	0.304	0.593
27.4	0.309	0.605
28.1	0.314	0.618
28.8	0.32	0.633
29.6	0.325	0.645
30.4	0.329	0.655
31.2	0.333	0.664
32	0.337	0.676
32.9	0.342	0.69
33.7	0.344	0.697
34.6	0.347	0.705
35.5	0.349	0.713
36.5	0.351	0.719
37.5	0.354	0.727
38.5	0.356	0.734
39.5	0.357	0.739
40.6	0.358	0.743
41.7	0.355	0.738
42.8	0.357	0.746
43.9	0.357	0.748
45.1	0.355	0.744
46.4	0.354	0.743
47.6	0.352	0.74
48.8	0.351	0.74
50	0.349	0.735
51.2	0.344	0.725
52.4	0.34	0.713
53.5	0.335	0.702
54.6	0.329	0.688
55.6	0.321	0.666
56.6	0.315	0.65
57.6	0.307	0.629
58.6	0.3	0.613
59.6	0.296	0.603
60.7	0.29	0.59
61.9	0.289	0.589
63	0.288	0.59
63.9	0.288	0.592
64.9	0.288	0.596
65.3	0.288	0.599
65.8	0.288	0.6
66.7	0.289	0.604
67.4	0.29	0.61
68.2	0.291	0.614
68.9	0.291	0.618
69.5	0.292	0.623
70.2	0.293	0.629
70.8	0.294	0.632
71.3	0.295	0.638
71.9	0.296	0.643
72.4	0.297	0.647
72.9	0.298	0.652
73.4	0.299	0.656
74	0.3	0.661
74.4	0.301	0.665
74.9	0.301	0.668
75.3	0.302	0.674
75.7	0.303	0.677
76.2	0.304	0.682
76.5	0.305	0.686
77	0.306	0.691
77.3	0.306	0.693
77.7	0.307	0.696
78	0.308	0.701
78.3	0.309	0.705
78.7	0.309	0.707
79	0.31	0.712
79.3	0.311	0.715
79.6	0.311	0.718
79.9	0.311	0.719
80.2	0.312	0.723
80.5	0.313	0.727
80.8	0.314	0.73
81.1	0.314	0.733
81.4	0.314	0.734
81.6	0.315	0.736
81.8	0.315	0.737
81.9	0.316	0.741
82.2	0.316	0.745
82.6	0.317	0.748
83.1	0.318	0.752
83.7	0.318	0.756
84.2	0.319	0.76
84.6	0.319	0.761
84.3	0.319	0.761
82.3	0.317	0.748
79.6	0.314	0.729
77.3	0.311	0.716
75.2	0.312	0.711
73.7	0.315	0.719
74.1	0.316	0.724
75.8	0.315	0.726
78.1	0.317	0.736
80.4	0.318	0.747
82.7	0.32	0.761
85.1	0.322	0.774
87.4	0.324	0.788
89.8	0.326	0.801
92.1	0.328	0.817
94.1	0.329	0.83
95.7	0.33	0.839
97.1	0.332	0.849
98.2	0.333	0.857
99.2	0.334	0.865
100	0.335	0.872
101	0.335	0.876
101	0.336	0.882
102	0.337	0.889
103	0.337	0.893
103	0.338	0.899
104	0.339	0.902
104	0.339	0.906
104	0.34	0.91
105	0.34	0.913
105	0.34	0.917
105	0.341	0.92
106	0.341	0.921
106	0.342	0.926
106	0.342	0.929
107	0.343	0.932
107	0.343	0.933
107	0.343	0.934
107	0.343	0.937
107	0.343	0.938
108	0.344	0.941
108	0.344	0.945
108	0.344	0.944
108	0.345	0.947
108	0.344	0.946
108	0.345	0.95
108	0.345	0.951
108	0.345	0.95
108	0.345	0.953
108	0.345	0.953
108	0.346	0.955
108	0.345	0.954
108	0.346	0.956
108	0.346	0.954
108	0.346	0.954
108	0.346	0.953
108	0.346	0.952
107	0.345	0.947
106	0.343	0.932
106	0.34	0.917
106	0.342	0.919
106	0.366	1.01
106	0.375	1.04
106	0.379	1.06
106	0.382	1.07
106	0.384	1.08
106	0.385	1.08
106	0.385	1.08
106	0.384	1.07
106	0.383	1.06
106	0.383	1.05
105	0.38	1.04
105	0.379	1.03
105	0.377	1.02
105	0.375	1.01
104	0.373	1.01
103	0.373	1.01
102	0.374	1.01
101	0.377	1.03
98.6	0.382	1.05
96.2	0.391	1.09
93.7	0.405	1.15
91.6	0.419	1.21
89.7	0.434	1.28
88.1	0.449	1.34
86.7	0.465	1.41
85.8	0.479	1.48
85.7	0.492	1.55
87.3	0.5	1.61
90.2	0.504	1.67
94.3	0.506	1.73
99.3	0.507	1.8
105	0.508	1.87
111	0.508	1.96
118	0.508	2.07
126	0.509	2.2
133	0.51	2.36
141	0.511	2.54
149	0.511	2.75
157	0.512	2.99
163	0.512	3.2
167	0.511	3.3
