40.2	0.19	0.349
40.5	0.189	0.348
40.8	0.187	0.346
41.1	0.186	0.344
41.4	0.184	0.342
41.7	0.183	0.341
41.8	0.183	0.341
41.8	0.183	0.34
41.9	0.183	0.34
41.9	0.182	0.339
42	0.182	0.339
42	0.182	0.339
42.1	0.182	0.338
42.1	0.182	0.338
42.2	0.181	0.338
42.2	0.181	0.337
42.3	0.181	0.337
42.3	0.181	0.337
42.4	0.181	0.336
42.4	0.18	0.336
42.5	0.18	0.335
42.5	0.18	0.335
42.6	0.18	0.335
42.7	0.179	0.334
42.7	0.179	0.334
42.8	0.179	0.333
42.8	0.179	0.333
42.9	0.178	0.333
42.9	0.178	0.332
43	0.178	0.332
43.1	0.178	0.331
43.1	0.178	0.331
43.2	0.177	0.33
43.2	0.177	0.33
43.3	0.177	0.33
43.4	0.177	0.329
43.4	0.176	0.329
43.5	0.176	0.328
43.5	0.176	0.328
43.6	0.176	0.327
43.7	0.175	0.327
43.7	0.175	0.326
43.8	0.175	0.326
43.8	0.175	0.326
43.9	0.174	0.325
44	0.174	0.325
44	0.174	0.324
44.1	0.174	0.324
44.2	0.173	0.323
44.2	0.173	0.323
44.3	0.173	0.323
44.4	0.173	0.322
44.4	0.172	0.322
44.5	0.172	0.321
44.6	0.172	0.321
44.6	0.172	0.32
44.7	0.171	0.32
44.8	0.171	0.319
44.8	0.171	0.319
44.9	0.171	0.318
44.9	0.17	0.318
45	0.17	0.318
45.1	0.17	0.317
45.2	0.17	0.317
45.2	0.169	0.316
45.3	0.169	0.316
45.4	0.169	0.315
45.4	0.169	0.315
45.5	0.168	0.314
45.6	0.168	0.314
45.7	0.168	0.313
45.7	0.168	0.313
45.8	0.167	0.312
45.9	0.167	0.312
45.9	0.167	0.312
46	0.167	0.311
46.1	0.166	0.311
46.2	0.166	0.31
46.2	0.166	0.309
46.3	0.166	0.309
46.4	0.165	0.309
46.5	0.165	0.308
46.5	0.165	0.308
46.6	0.164	0.307
46.7	0.164	0.307
46.8	0.164	0.306
46.9	0.164	0.306
46.9	0.163	0.305
47	0.163	0.305
47.1	0.163	0.304
47.2	0.163	0.304
47.2	0.161	0.303
47.3	0.161	0.302
47.4	0.161	0.302
47.5	0.161	0.301
47.6	0.16	0.301
47.6	0.16	0.3
47.7	0.16	0.3
47.8	0.16	0.299
47.9	0.159	0.299
48	0.159	0.298
48	0.159	0.298
48.1	0.158	0.297
48.2	0.158	0.297
48.3	0.158	0.296
48.4	0.158	0.296
48.5	0.157	0.295
48.6	0.157	0.295
48.6	0.157	0.294
48.7	0.156	0.294
48.8	0.156	0.293
48.9	0.156	0.293
49	0.156	0.292
49.1	0.155	0.292
49.2	0.155	0.291
49.3	0.155	0.291
49.4	0.154	0.29
49.5	0.154	0.289
49.6	0.154	0.289
49.7	0.154	0.288
49.7	0.153	0.288
49.8	0.153	0.287
49.9	0.153	0.287
50	0.152	0.286
50.1	0.152	0.286
50.2	0.152	0.285
50.3	0.152	0.285
50.4	0.151	0.284
50.5	0.151	0.284
50.6	0.151	0.283
50.7	0.15	0.282
50.8	0.15	0.282
50.9	0.15	0.281
51	0.149	0.281
51.2	0.149	0.28
51.3	0.148	0.28
51.4	0.148	0.279
51.5	0.148	0.279
51.6	0.148	0.278
51.7	0.147	0.278
51.8	0.147	0.277
51.9	0.147	0.277
52	0.146	0.276
52.1	0.146	0.275
52.2	0.146	0.275
52.3	0.145	0.274
52.5	0.145	0.274
52.6	0.145	0.273
52.7	0.144	0.273
52.8	0.144	0.272
52.9	0.144	0.271
53	0.143	0.271
53.2	0.143	0.27
53.3	0.143	0.27
53.4	0.143	0.269
53.5	0.142	0.268
53.6	0.142	0.268
53.7	0.142	0.267
53.9	0.141	0.267
54	0.141	0.266
54.1	0.141	0.266
54.2	0.14	0.265
54.4	0.14	0.264
54.5	0.14	0.264
54.6	0.139	0.263
54.7	0.139	0.263
54.9	0.139	0.262
55	0.138	0.261
55.1	0.138	0.261
55.3	0.138	0.26
55.4	0.137	0.26
55.5	0.137	0.259
55.7	0.137	0.258
55.8	0.136	0.258
55.9	0.136	0.257
56.1	0.136	0.257
56.2	0.135	0.256
56.4	0.135	0.255
56.5	0.135	0.255
56.6	0.134	0.254
56.8	0.134	0.253
56.9	0.134	0.253
57.1	0.133	0.252
57.2	0.133	0.251
57.4	0.133	0.251
57.5	0.132	0.25
57.7	0.132	0.25
57.8	0.132	0.249
58	0.131	0.248
58.1	0.131	0.248
58.3	0.131	0.247
58.4	0.13	0.246
58.6	0.13	0.246
58.8	0.129	0.245
58.9	0.129	0.244
59.1	0.129	0.244
59.2	0.128	0.242
59.4	0.127	0.242
59.6	0.127	0.241
59.7	0.127	0.241
59.9	0.126	0.24
60.1	0.126	0.239
60.3	0.126	0.239
60.4	0.125	0.238
60.6	0.125	0.237
60.8	0.125	0.237
61	0.124	0.236
61.1	0.124	0.235
61.3	0.123	0.235
61.5	0.123	0.234
61.7	0.123	0.233
61.9	0.122	0.232
62.1	0.122	0.232
62.3	0.122	0.231
62.5	0.121	0.23
62.7	0.121	0.23
62.9	0.12	0.229
63.1	0.12	0.228
63.3	0.12	0.227
63.5	0.119	0.227
63.7	0.119	0.226
63.9	0.118	0.225
64.1	0.118	0.225
64.3	0.118	0.224
64.5	0.117	0.223
64.7	0.117	0.222
64.9	0.117	0.222
65.1	0.116	0.221
65.3	0.116	0.22
65.5	0.115	0.22
65.7	0.115	0.219
66	0.115	0.218
66.2	0.114	0.217
66.4	0.114	0.217
66.6	0.113	0.216
66.9	0.113	0.215
67.1	0.113	0.214
67.3	0.112	0.214
67.5	0.112	0.213
67.8	0.111	0.212
68	0.111	0.211
68.3	0.111	0.211
68.5	0.11	0.21
68.8	0.11	0.209
69	0.109	0.208
69.3	0.108	0.207
69.5	0.107	0.206
69.8	0.107	0.205
70	0.106	0.204
70.3	0.106	0.203
70.5	0.106	0.203
70.8	0.105	0.202
71.1	0.105	0.201
71.3	0.105	0.201
71.6	0.104	0.2
71.9	0.104	0.199
72.2	0.103	0.199
72.5	0.103	0.198
72.7	0.103	0.197
73	0.102	0.196
73.3	0.102	0.195
73.6	0.101	0.195
73.9	0.101	0.194
74.2	0.1	0.193
74.5	0.1	0.192
74.8	0.0996	0.191
75.1	0.0992	0.191
75.4	0.0987	0.19
75.7	0.0983	0.189
76	0.0973	0.188
76.3	0.0968	0.187
76.6	0.0964	0.186
76.9	0.096	0.185
77.2	0.0955	0.184
77.5	0.0951	0.184
77.9	0.0947	0.183
78.2	0.0942	0.182
78.5	0.0938	0.181
78.8	0.0933	0.18
79.2	0.0929	0.179
79.5	0.0924	0.179
79.8	0.092	0.178
80.2	0.0916	0.177
80.5	0.0911	0.176
80.9	0.0907	0.175
81.2	0.0902	0.174
81.6	0.0898	0.173
81.9	0.0893	0.173
82.3	0.0889	0.172
82.6	0.0884	0.171
83	0.088	0.17
83.4	0.0875	0.169
83.7	0.0871	0.168
84.1	0.0866	0.168
84.4	0.0862	0.167
84.8	0.0857	0.166
85.2	0.0853	0.165
85.5	0.0848	0.164
85.9	0.0844	0.163
86.2	0.0839	0.163
86.6	0.0835	0.162
87	0.083	0.161
87.3	0.0826	0.16
87.7	0.0822	0.159
88	0.0817	0.158
88.3	0.0813	0.158
88.7	0.0809	0.157
89	0.0804	0.156
89.3	0.08	0.155
89.7	0.0796	0.154
90	0.0792	0.154
90.3	0.0787	0.153
90.6	0.0783	0.152
90.8	0.0779	0.151
91.1	0.0772	0.15
91.3	0.0768	0.149
91.6	0.0764	0.149
91.8	0.0761	0.148
92	0.0757	0.147
92.1	0.0753	0.146
92.3	0.0749	0.146
92.4	0.0746	0.145
92.5	0.0742	0.144
92.5	0.0738	0.144
92.5	0.0735	0.143
92.5	0.0731	0.142
92.4	0.0728	0.142
92.3	0.0725	0.141
92.1	0.0721	0.141
91.8	0.0718	0.14
91.5	0.0714	0.139
91.1	0.071	0.139
90.5	0.0707	0.138
89.9	0.0702	0.137
89.7	0.07	0.137
89.2	0.0697	0.137
88.4	0.0689	0.135
87.5	0.068	0.134
86.5	0.0667	0.132
85.5	0.0651	0.129
84.6	0.0626	0.126
84.1	0.0616	0.124
83.7	0.0609	0.123
82.8	0.0599	0.121
81.3	0.0584	0.119
79.9	0.0566	0.118
79	0.0569	0.121
79.5	0.056	0.124
80.8	0.0558	0.126
82.5	0.0553	0.127
87.6	0.0523	0.121
94.3	0.0488	0.114
102	0.0455	0.107
110	0.0423	0.0997
117	0.0397	0.094
126	0.0371	0.0885
135	0.0347	0.0832
145	0.0325	0.0783
155	0.0304	0.0736
167	0.0284	0.0691
179	0.0265	0.0649
192	0.0248	0.061
206	0.0231	0.0573
221	0.0216	0.0538
237	0.0203	0.0507
253	0.0191	0.0478
270	0.0179	0.045
288	0.0168	0.0426
308	0.0158	0.0402
328	0.0149	0.0379
349	0.014	0.0359
372	0.0132	0.0339
397	0.0124	0.0319
423	0.0117	0.0301
449	0.011	0.0284
476	0.0104	0.0269
503	0.00986	0.0256
529	0.0094	0.0245
553	0.009	0.0235
576	0.00864	0.0226
599	0.00833	0.0218
622	0.00804	0.0211
644	0.00777	0.0204
665	0.00754	0.0198
686	0.00732	0.0193
705	0.00714	0.0188
723	0.00697	0.0184
742	0.00682	0.018
760	0.00666	0.0176
778	0.00651	0.0172
796	0.00637	0.0168
813	0.00624	0.0165
830	0.00612	0.0162
846	0.00601	0.0159
861	0.0059	0.0157
876	0.00581	0.0154
891	0.00572	0.0152
905	0.00563	0.015
919	0.00555	0.0148
933	0.00547	0.0146
946	0.0054	0.0144
959	0.00533	0.0142
972	0.00526	0.014
985	0.0052	0.0139
997	0.00514	0.0137
1010	0.00508	0.0136
1020	0.00503	0.0134
1030	0.00497	0.0133
1040	0.00492	0.0132
1050	0.00488	0.0131
1060	0.00483	0.013
1070	0.00479	0.0129
1080	0.00474	0.0127
1090	0.00471	0.0126
1100	0.00467	0.0125
1110	0.00463	0.0124
1120	0.00459	0.0124
1130	0.00456	0.0123
1140	0.00453	0.0122
1150	0.00449	0.0121
1160	0.00446	0.012
1170	0.00444	0.012
1180	0.00441	0.0119
1180	0.00439	0.0118
1190	0.00436	0.0118
1200	0.00434	0.0117
1210	0.00431	0.0116
1220	0.00428	0.0116
1220	0.00426	0.0115
1230	0.00423	0.0115
1240	0.00421	0.0114
1250	0.00419	0.0113
1260	0.00416	0.0113
1260	0.00414	0.0112
1270	0.00412	0.0112
1280	0.0041	0.0111
1290	0.00408	0.0111
1290	0.00406	0.011
1300	0.00404	0.011
1310	0.00402	0.0109
1310	0.004	0.0109
1320	0.00398	0.0108
1330	0.00396	0.0108
1330	0.00395	0.0108
1340	0.00393	0.0107
1350	0.00391	0.0107
1350	0.0039	0.0106
1360	0.00388	0.0106
1370	0.00387	0.0106
1370	0.00385	0.0105
1380	0.00384	0.0105
1390	0.00382	0.0105
1390	0.00381	0.0104
1400	0.0038	0.0104
1400	0.00378	0.0104
1410	0.00377	0.0103
1410	0.00376	0.0103
1420	0.00374	0.0103
1430	0.00373	0.0102
1430	0.00372	0.0102
1440	0.00371	0.0102
1440	0.0037	0.0101
1450	0.00369	0.0101
1450	0.00367	0.0101
1460	0.00366	0.0101
1460	0.00365	0.01
1470	0.00365	0.01
1470	0.00364	0.01
1480	0.00363	0.00999
1480	0.00362	0.00997
1490	0.00361	0.00994
1490	0.0036	0.00992
1500	0.00359	0.0099
1500	0.00358	0.00988
1510	0.00357	0.00986
1510	0.00356	0.00984
1520	0.00356	0.00982
1520	0.00355	0.0098
1530	0.00354	0.00978
1530	0.00353	0.00976
1540	0.00352	0.00974
1540	0.00351	0.00972
1550	0.00351	0.0097
1550	0.0035	0.00968
1560	0.00349	0.00967
1560	0.00348	0.00965
1570	0.00348	0.00963
1570	0.00347	0.00962
1570	0.00346	0.0096
1580	0.00346	0.00959
1580	0.00345	0.00957
1590	0.00344	0.00955
1590	0.00344	0.00954
1600	0.00343	0.00952
1600	0.00342	0.0095
1610	0.00341	0.00949
1610	0.00341	0.00947
1620	0.0034	0.00946
1620	0.00339	0.00944
1620	0.00339	0.00943
1630	0.00338	0.00942
1630	0.00337	0.0094
1640	0.00337	0.00939
1640	0.00336	0.00938
1650	0.00336	0.00936
1650	0.00335	0.00935
1660	0.00334	0.00934
1660	0.00334	0.00932
1660	0.00333	0.00931
1670	0.00333	0.0093
1670	0.00332	0.00929
1680	0.00332	0.00928
1680	0.00331	0.00927
1690	0.00331	0.00925
1690	0.0033	0.00924
1690	0.0033	0.00923
1700	0.00329	0.00922
1700	0.00329	0.00921
1710	0.00328	0.0092
1710	0.00328	0.00919
1710	0.00327	0.00918
1720	0.00327	0.00918
1720	0.00326	0.00917
1730	0.00326	0.00916
1730	0.00325	0.00915
1730	0.00325	0.00914
1740	0.00325	0.00914
1740	0.00325	0.00913
1750	0.00324	0.00912
1750	0.00324	0.00912
1750	0.00323	0.00911
1760	0.00323	0.0091
1760	0.00322	0.00909
1770	0.00322	0.00908
1770	0.00322	0.00908
1770	0.00321	0.00907
1780	0.00321	0.00906
1780	0.00321	0.00905
1790	0.0032	0.00906
1790	0.0032	0.00905
1790	0.0032	0.00904
1800	0.00319	0.00904
1800	0.00319	0.00903
1810	0.00319	0.00902
1810	0.00318	0.00902
1810	0.00318	0.00901
1820	0.00317	0.009
1820	0.00317	0.009
1830	0.00317	0.00899
1830	0.00316	0.00898
1830	0.00316	0.00898
1840	0.00316	0.00897
1840	0.00315	0.00896
1850	0.00315	0.00896
1850	0.00315	0.00895
1850	0.00314	0.00895
1860	0.00314	0.00894
1860	0.00314	0.00894
1870	0.00313	0.00893
1870	0.00313	0.00893
1870	0.00313	0.00892
1880	0.00312	0.00892
1880	0.00312	0.00891
1890	0.00312	0.00891
1890	0.00312	0.00891
1900	0.00311	0.00891
1900	0.00311	0.00891
1900	0.00311	0.0089
1910	0.00311	0.0089
1910	0.00311	0.00889
1920	0.0031	0.00889
1920	0.0031	0.00889
1920	0.0031	0.00889
1930	0.0031	0.00888
1930	0.00309	0.00888
1940	0.00309	0.00888
1940	0.00309	0.00888
1940	0.00309	0.00888
1950	0.00309	0.00888
1950	0.00308	0.00887
1960	0.00308	0.00887
1960	0.00308	0.00887
1960	0.00308	0.00887
1970	0.00308	0.00887
1970	0.00307	0.00887
1980	0.00307	0.00887
1980	0.00307	0.00886
1990	0.00307	0.00886
1990	0.00307	0.00886
1990	0.00306	0.00886
2000	0.00306	0.00886
2000	0.00306	0.00886
2010	0.00306	0.00886
2010	0.00306	0.00886
2020	0.00305	0.00886
2020	0.00305	0.00886
2020	0.00305	0.00886
2030	0.00305	0.00887
2030	0.00305	0.00887
2040	0.00305	0.00887
2040	0.00305	0.00888
2050	0.00305	0.00888
2050	0.00305	0.00889
2050	0.00305	0.00889
2060	0.00305	0.0089
2060	0.00305	0.00891
2060	0.00305	0.00891
2070	0.00305	0.00892
2070	0.00305	0.00893
2080	0.00305	0.00894
2080	0.00305	0.00895
2080	0.00305	0.00896
2090	0.00305	0.00897
2090	0.00305	0.00898
2090	0.00306	0.009
2100	0.00306	0.00901
2100	0.00306	0.00902
2100	0.00306	0.00904
2100	0.00307	0.00905
2110	0.00307	0.00907
2110	0.00307	0.00909
2110	0.00308	0.0091
2110	0.00308	0.00912
2120	0.00308	0.00914
2120	0.00309	0.00915
2120	0.00309	0.00917
2120	0.0031	0.00919
2130	0.0031	0.00921
2130	0.0031	0.00922
2130	0.00311	0.00924
2130	0.00311	0.00926
2140	0.00312	0.00928
2140	0.00312	0.00929
2140	0.00312	0.00931
2140	0.00313	0.00932
2150	0.00313	0.00934
2150	0.00313	0.00936
2150	0.00314	0.00937
2150	0.00314	0.00939
2160	0.00314	0.0094
2160	0.00315	0.00942
2160	0.00315	0.00943
2170	0.00315	0.00944
2170	0.00316	0.00945
2170	0.00316	0.00947
2180	0.00316	0.00948
2180	0.00316	0.00949
2180	0.00317	0.0095
2190	0.00317	0.00951
2190	0.00317	0.00952
2190	0.00317	0.00953
2200	0.00318	0.00955
2200	0.00318	0.00956
2200	0.00318	0.00957
2210	0.00318	0.00958
2210	0.00319	0.00959
2210	0.00319	0.00959
2220	0.00319	0.0096
2220	0.00319	0.00961
2220	0.00319	0.00961
2230	0.00319	0.00962
2230	0.0032	0.00963
2230	0.0032	0.00964
2240	0.0032	0.00964
2240	0.0032	0.00965
2240	0.0032	0.00966
2250	0.0032	0.00966
2250	0.0032	0.00966
2260	0.0032	0.00966
2260	0.0032	0.00967
2260	0.0032	0.00967
2260	0.0032	0.00968
2270	0.0032	0.00968
2270	0.00321	0.00969
2270	0.00321	0.00969
2280	0.00321	0.00969
2280	0.00321	0.00969
2280	0.00321	0.00969
2290	0.00321	0.00969
2290	0.00321	0.0097
2290	0.00321	0.0097
2290	0.00321	0.0097
2300	0.00321	0.0097
2300	0.00321	0.0097
2300	0.00321	0.0097
2300	0.00321	0.0097
2310	0.0032	0.0097
2310	0.00321	0.0097
2310	0.0032	0.0097
2320	0.0032	0.00969
2320	0.0032	0.00969
2320	0.0032	0.00969
2320	0.0032	0.00968
2330	0.00319	0.00968
2330	0.00319	0.00967
2330	0.00319	0.00966
2330	0.00319	0.00966
2340	0.00318	0.00965
2340	0.00318	0.00965
2340	0.00318	0.00964
2340	0.00317	0.00963
2340	0.00317	0.00963
2340	0.00317	0.00962
2340	0.00316	0.00962
2340	0.00316	0.00961
2340	0.00316	0.00961
2340	0.00316	0.00961
2340	0.00318	0.00964
2340	0.00318	0.00964
2340	0.00318	0.00964
2340	0.00318	0.00965
2340	0.00318	0.00965
2340	0.00318	0.00966
2340	0.00318	0.00968
2340	0.00318	0.00969
2340	0.00319	0.00971
2340	0.00319	0.00971
2340	0.00319	0.00972
2340	0.00319	0.00974
2340	0.00319	0.00976
2330	0.0032	0.00979
2330	0.0032	0.0098
2330	0.0032	0.00983
2330	0.0032	0.00986
2330	0.00321	0.0099
2330	0.00322	0.00994
2330	0.00322	0.00998
2330	0.00323	0.01
2320	0.00324	0.0101
2320	0.00326	0.0101
2320	0.00327	0.0102
2320	0.00328	0.0103
2320	0.00329	0.0103
2320	0.00331	0.0104
2310	0.00333	0.0105
2310	0.00334	0.0105
2310	0.00336	0.0106
2310	0.00337	0.0107
2310	0.00339	0.0107
2310	0.0034	0.0108
2310	0.00341	0.0108
2310	0.00342	0.0109
2310	0.00343	0.0109
2310	0.00344	0.0109
2310	0.00345	0.011
2310	0.00346	0.011
2310	0.00347	0.011
2310	0.00347	0.011
2310	0.00348	0.011
2310	0.00348	0.0111
2310	0.00348	0.0111
2310	0.00349	0.0111
2320	0.00349	0.0111
2320	0.00351	0.0111
2320	0.00352	0.0112
2320	0.00351	0.0111
2320	0.0035	0.0111
2320	0.00349	0.0111
2320	0.00348	0.011
2330	0.00348	0.011
2330	0.00347	0.011
2330	0.00347	0.011
2330	0.00347	0.011
2330	0.00347	0.011
2330	0.00347	0.011
2330	0.00347	0.011
2330	0.00347	0.011
2330	0.00347	0.011
2330	0.00347	0.011
2330	0.00347	0.011
2330	0.00346	0.011
2330	0.00346	0.0109
2330	0.00345	0.0109
2330	0.00349	0.011
2330	0.00348	0.011
