1.01	0.475	0.852
1.04	0.451	0.8
1.08	0.425	0.748
1.12	0.406	0.711
1.16	0.389	0.679
1.21	0.371	0.646
1.24	0.361	0.63
1.26	0.357	0.624
1.27	0.354	0.62
1.28	0.352	0.614
1.29	0.35	0.61
1.3	0.347	0.606
1.31	0.345	0.602
1.32	0.342	0.599
1.33	0.34	0.595
1.34	0.338	0.591
1.36	0.334	0.586
1.4	0.327	0.575
1.45	0.318	0.561
1.5	0.309	0.548
1.56	0.301	0.535
1.61	0.294	0.524
1.67	0.287	0.514
1.73	0.28	0.504
1.79	0.274	0.495
1.85	0.267	0.487
1.92	0.261	0.478
1.98	0.256	0.47
2.05	0.251	0.461
2.12	0.245	0.452
2.18	0.24	0.444
2.25	0.236	0.437
2.27	0.235	0.435
2.33	0.232	0.429
2.4	0.228	0.423
2.46	0.225	0.417
2.53	0.222	0.412
2.59	0.219	0.407
2.66	0.216	0.402
2.72	0.214	0.398
2.78	0.212	0.395
2.84	0.211	0.393
2.89	0.21	0.391
2.95	0.209	0.39
3.01	0.208	0.388
3.06	0.207	0.388
3.12	0.207	0.387
3.18	0.207	0.387
3.23	0.207	0.388
3.29	0.208	0.389
3.34	0.208	0.391
3.39	0.21	0.393
3.45	0.211	0.395
3.5	0.213	0.399
3.55	0.215	0.404
3.6	0.218	0.409
3.65	0.221	0.414
3.7	0.224	0.421
3.75	0.228	0.428
3.79	0.233	0.437
3.84	0.238	0.446
3.89	0.243	0.456
3.94	0.249	0.467
3.99	0.255	0.477
4.05	0.261	0.489
4.11	0.267	0.5
4.17	0.273	0.512
4.23	0.279	0.523
4.3	0.286	0.534
4.37	0.291	0.544
4.45	0.297	0.555
4.53	0.302	0.564
4.62	0.306	0.573
4.71	0.311	0.581
4.8	0.315	0.589
4.9	0.318	0.596
5	0.321	0.602
5.11	0.324	0.607
5.21	0.326	0.612
5.31	0.328	0.616
5.41	0.33	0.619
5.51	0.331	0.621
5.6	0.332	0.624
5.7	0.333	0.626
5.79	0.334	0.628
5.88	0.335	0.629
5.97	0.335	0.63
6.06	0.336	0.632
6.15	0.336	0.633
6.24	0.336	0.634
6.33	0.337	0.634
6.42	0.337	0.634
6.5	0.336	0.634
6.59	0.337	0.635
6.67	0.337	0.636
6.76	0.336	0.635
6.84	0.336	0.635
6.92	0.336	0.634
7.01	0.336	0.635
7.09	0.336	0.634
7.17	0.335	0.634
7.25	0.335	0.634
7.33	0.335	0.633
7.41	0.335	0.633
7.49	0.334	0.632
7.57	0.334	0.632
7.65	0.334	0.631
7.73	0.334	0.632
7.81	0.333	0.63
7.89	0.333	0.63
7.97	0.332	0.629
8.04	0.332	0.628
8.12	0.331	0.628
8.2	0.331	0.627
8.28	0.331	0.627
8.35	0.33	0.626
8.43	0.329	0.625
8.51	0.329	0.625
8.58	0.329	0.624
8.66	0.328	0.624
8.74	0.328	0.623
8.81	0.327	0.621
8.89	0.327	0.621
8.96	0.326	0.62
9.04	0.326	0.62
9.11	0.326	0.62
9.19	0.325	0.617
9.26	0.325	0.618
9.34	0.324	0.616
9.41	0.324	0.616
9.49	0.323	0.614
9.56	0.322	0.614
9.63	0.322	0.613
9.71	0.321	0.613
9.78	0.321	0.612
9.85	0.321	0.611
9.93	0.32	0.61
10	0.32	0.61
10.1	0.319	0.609
10.1	0.319	0.608
10.2	0.318	0.607
10.3	0.318	0.606
10.4	0.317	0.606
10.4	0.317	0.605
10.5	0.316	0.604
10.6	0.316	0.603
10.7	0.315	0.602
10.7	0.314	0.601
10.8	0.314	0.6
10.9	0.314	0.6
10.9	0.313	0.599
11	0.313	0.598
11.1	0.312	0.597
11.2	0.312	0.597
11.2	0.311	0.596
11.3	0.311	0.594
11.4	0.31	0.594
11.4	0.31	0.593
11.5	0.309	0.593
11.6	0.309	0.591
11.7	0.308	0.591
11.7	0.308	0.59
11.8	0.307	0.589
11.9	0.307	0.589
11.9	0.307	0.588
12	0.306	0.586
12.1	0.305	0.585
12.2	0.305	0.585
12.2	0.305	0.585
12.3	0.303	0.582
12.4	0.304	0.583
12.4	0.303	0.581
12.5	0.303	0.581
12.6	0.302	0.581
12.7	0.302	0.58
12.7	0.301	0.579
12.8	0.301	0.578
12.9	0.3	0.577
12.9	0.3	0.577
13	0.299	0.575
13.1	0.299	0.574
13.2	0.298	0.574
13.2	0.298	0.573
13.3	0.298	0.573
13.4	0.297	0.572
13.4	0.296	0.57
13.5	0.296	0.57
13.6	0.295	0.569
13.7	0.295	0.568
13.7	0.295	0.568
13.8	0.295	0.568
13.9	0.294	0.566
13.9	0.294	0.566
14	0.293	0.564
14.1	0.293	0.564
14.1	0.292	0.564
14.2	0.292	0.563
14.3	0.291	0.561
14.4	0.291	0.561
14.4	0.29	0.561
14.5	0.29	0.559
14.6	0.29	0.559
14.6	0.289	0.558
14.7	0.289	0.558
14.8	0.288	0.557
14.8	0.288	0.556
14.9	0.288	0.556
15	0.287	0.555
15.1	0.286	0.553
15.1	0.286	0.554
15.2	0.286	0.552
15.3	0.285	0.552
15.3	0.285	0.552
15.4	0.285	0.551
15.5	0.284	0.55
15.5	0.284	0.549
15.6	0.283	0.549
15.7	0.283	0.548
15.7	0.283	0.547
15.8	0.282	0.546
15.9	0.282	0.546
15.9	0.281	0.545
16	0.281	0.545
16.1	0.281	0.544
16.1	0.28	0.544
16.2	0.28	0.544
16.3	0.279	0.542
16.4	0.279	0.541
16.4	0.279	0.541
16.5	0.278	0.54
16.6	0.278	0.54
16.6	0.278	0.54
16.7	0.278	0.539
16.8	0.277	0.538
16.8	0.277	0.537
16.9	0.276	0.536
17	0.276	0.536
17	0.276	0.536
17.1	0.275	0.535
17.2	0.275	0.535
17.2	0.275	0.534
17.3	0.274	0.533
17.4	0.274	0.532
17.4	0.274	0.532
17.5	0.273	0.531
17.6	0.273	0.531
17.6	0.273	0.53
17.7	0.272	0.53
17.8	0.272	0.53
17.8	0.272	0.529
17.9	0.271	0.527
18	0.271	0.526
18	0.271	0.527
18.1	0.27	0.526
18.2	0.27	0.526
18.2	0.27	0.525
18.3	0.269	0.525
18.4	0.269	0.525
18.4	0.269	0.523
18.5	0.268	0.523
18.6	0.268	0.523
18.6	0.268	0.522
18.7	0.268	0.522
18.8	0.267	0.521
18.8	0.267	0.521
18.9	0.267	0.52
19	0.266	0.52
19	0.266	0.519
19.1	0.266	0.519
19.2	0.265	0.518
19.2	0.265	0.517
19.3	0.265	0.517
19.4	0.264	0.516
19.4	0.264	0.515
19.5	0.264	0.515
19.6	0.264	0.515
19.6	0.263	0.514
19.7	0.263	0.514
19.8	0.263	0.513
19.8	0.262	0.512
19.9	0.262	0.512
19.9	0.262	0.512
20	0.261	0.511
20.1	0.262	0.512
20.1	0.261	0.511
20.2	0.261	0.511
20.3	0.261	0.51
20.3	0.26	0.509
20.4	0.26	0.509
20.5	0.26	0.508
20.5	0.259	0.507
20.6	0.259	0.508
20.7	0.259	0.507
20.7	0.259	0.507
20.8	0.258	0.506
20.9	0.258	0.506
20.9	0.258	0.504
21	0.257	0.504
21.1	0.257	0.503
21.1	0.257	0.503
21.2	0.257	0.503
21.2	0.257	0.503
21.3	0.256	0.502
21.4	0.256	0.502
21.4	0.256	0.502
21.5	0.256	0.501
21.6	0.255	0.501
21.6	0.255	0.501
21.7	0.255	0.5
21.8	0.255	0.5
21.8	0.254	0.499
21.9	0.254	0.499
21.9	0.254	0.498
22	0.254	0.498
22.1	0.253	0.498
22.1	0.253	0.498
22.2	0.253	0.498
22.2	0.253	0.497
22.3	0.253	0.497
22.4	0.253	0.496
22.4	0.252	0.496
22.5	0.252	0.496
22.5	0.252	0.495
22.6	0.252	0.495
22.7	0.252	0.495
22.7	0.252	0.495
22.8	0.251	0.495
22.8	0.251	0.494
22.9	0.251	0.494
23	0.251	0.494
23	0.25	0.493
23.1	0.251	0.494
23.1	0.25	0.493
23.2	0.25	0.492
23.2	0.25	0.493
23.3	0.25	0.493
23.4	0.25	0.492
23.4	0.25	0.493
23.5	0.25	0.492
23.5	0.25	0.493
23.6	0.25	0.492
23.6	0.25	0.492
23.7	0.25	0.492
23.7	0.25	0.492
23.8	0.25	0.492
23.8	0.25	0.493
23.9	0.249	0.492
23.9	0.25	0.492
23.9	0.249	0.492
24	0.249	0.492
24	0.249	0.492
24.1	0.25	0.493
24.1	0.25	0.492
24.1	0.25	0.492
24.2	0.25	0.493
24.2	0.25	0.493
24.2	0.25	0.493
24.3	0.25	0.494
24.3	0.25	0.493
24.3	0.25	0.494
24.3	0.25	0.494
24.4	0.25	0.494
24.4	0.25	0.494
24.4	0.25	0.494
24.4	0.251	0.495
24.4	0.251	0.495
24.4	0.251	0.496
24.4	0.251	0.496
24.4	0.251	0.496
24.4	0.251	0.497
24.4	0.251	0.497
24.3	0.251	0.497
24.3	0.252	0.497
24.3	0.251	0.497
24.3	0.252	0.498
24.2	0.252	0.498
24.2	0.251	0.497
24.1	0.251	0.497
24.1	0.251	0.498
24	0.251	0.497
23.9	0.251	0.498
23.9	0.251	0.498
23.8	0.251	0.497
23.7	0.251	0.497
23.7	0.25	0.496
23.6	0.261	0.523
23.5	0.254	0.506
23.5	0.249	0.495
23.4	0.249	0.494
23.5	0.249	0.493
23.6	0.249	0.494
23.7	0.249	0.494
23.7	0.248	0.493
23.8	0.248	0.494
23.9	0.248	0.493
23.9	0.248	0.493
24	0.248	0.492
24.1	0.247	0.492
24.1	0.247	0.491
24.2	0.247	0.491
24.3	0.247	0.491
24.3	0.246	0.49
24.4	0.246	0.49
24.5	0.246	0.49
24.5	0.246	0.489
24.6	0.245	0.489
24.7	0.245	0.489
24.7	0.245	0.487
24.8	0.245	0.487
24.9	0.244	0.487
24.9	0.244	0.487
25	0.244	0.486
25.1	0.244	0.486
25.1	0.243	0.484
25.2	0.243	0.485
25.3	0.243	0.485
25.3	0.243	0.484
25.4	0.242	0.484
25.4	0.242	0.484
25.5	0.242	0.483
25.6	0.242	0.482
25.6	0.242	0.483
25.7	0.241	0.482
25.8	0.241	0.482
25.8	0.241	0.481
25.9	0.241	0.481
25.9	0.241	0.481
26	0.24	0.48
26.1	0.24	0.479
26.1	0.24	0.479
26.2	0.24	0.479
26.3	0.239	0.478
26.3	0.239	0.477
26.4	0.239	0.478
26.4	0.239	0.477
26.5	0.238	0.477
26.6	0.238	0.476
26.6	0.238	0.476
26.7	0.238	0.475
26.8	0.238	0.476
26.8	0.237	0.475
26.9	0.237	0.474
26.9	0.237	0.474
27	0.237	0.474
27.1	0.237	0.474
27.1	0.236	0.473
27.2	0.236	0.473
27.3	0.236	0.472
27.3	0.235	0.472
27.4	0.236	0.472
27.4	0.235	0.472
27.5	0.235	0.471
27.6	0.235	0.47
27.6	0.235	0.47
27.7	0.234	0.469
27.7	0.234	0.47
27.8	0.234	0.469
27.9	0.234	0.469
27.9	0.233	0.468
28	0.233	0.468
28	0.233	0.468
28.1	0.233	0.467
28.2	0.233	0.467
28.2	0.232	0.466
28.3	0.232	0.466
28.3	0.232	0.466
28.4	0.232	0.465
28.5	0.232	0.465
28.5	0.231	0.465
28.6	0.231	0.464
28.6	0.231	0.464
28.7	0.231	0.464
28.8	0.231	0.464
28.8	0.231	0.463
28.9	0.23	0.463
28.9	0.23	0.462
29	0.23	0.462
29.1	0.229	0.461
29.1	0.229	0.461
29.2	0.23	0.462
29.3	0.229	0.461
29.3	0.229	0.46
29.4	0.229	0.46
29.4	0.228	0.459
29.5	0.228	0.459
29.6	0.228	0.458
29.6	0.228	0.458
29.7	0.228	0.458
29.7	0.227	0.458
29.8	0.227	0.458
29.9	0.227	0.457
29.9	0.227	0.456
30	0.227	0.457
30	0.227	0.456
30.1	0.226	0.456
30.1	0.226	0.456
30.2	0.226	0.455
30.3	0.226	0.455
30.3	0.226	0.455
30.4	0.225	0.454
30.4	0.225	0.455
30.5	0.225	0.454
30.6	0.225	0.453
30.6	0.225	0.453
30.7	0.224	0.452
30.7	0.224	0.452
30.8	0.224	0.452
30.9	0.224	0.451
30.9	0.224	0.451
31	0.224	0.451
31	0.223	0.451
31.1	0.223	0.45
31.2	0.223	0.45
31.2	0.223	0.449
31.3	0.223	0.45
31.3	0.222	0.449
31.4	0.222	0.449
31.5	0.222	0.448
31.5	0.222	0.449
31.6	0.222	0.448
31.6	0.222	0.448
31.7	0.221	0.447
31.7	0.221	0.447
31.8	0.221	0.447
31.9	0.221	0.446
31.9	0.221	0.446
32	0.22	0.446
32	0.22	0.445
32.1	0.22	0.445
32.2	0.22	0.444
32.2	0.22	0.444
32.3	0.22	0.444
32.3	0.219	0.444
32.4	0.219	0.443
32.4	0.219	0.443
32.5	0.219	0.442
32.6	0.219	0.443
32.6	0.218	0.442
32.7	0.218	0.441
32.7	0.218	0.442
32.8	0.218	0.441
32.9	0.218	0.441
32.9	0.218	0.441
33	0.217	0.44
33	0.217	0.44
33.1	0.217	0.439
33.1	0.217	0.439
33.2	0.217	0.439
33.3	0.217	0.439
33.3	0.216	0.438
33.4	0.216	0.438
33.4	0.216	0.438
33.5	0.216	0.438
33.5	0.216	0.437
33.6	0.216	0.437
33.7	0.215	0.437
33.7	0.215	0.436
33.8	0.215	0.436
33.8	0.215	0.436
33.9	0.215	0.436
34	0.215	0.435
34	0.214	0.435
34.1	0.214	0.435
34.1	0.214	0.435
34.2	0.214	0.435
34.2	0.214	0.433
34.3	0.214	0.434
34.4	0.214	0.434
34.4	0.213	0.433
34.5	0.213	0.433
34.5	0.213	0.432
34.6	0.213	0.433
34.6	0.213	0.432
34.7	0.213	0.432
34.8	0.212	0.432
34.8	0.212	0.431
34.9	0.212	0.431
34.9	0.212	0.431
35	0.212	0.431
35	0.212	0.43
35.1	0.211	0.43
35.2	0.211	0.43
35.2	0.211	0.429
35.3	0.211	0.429
35.3	0.211	0.429
35.4	0.211	0.428
35.4	0.211	0.429
35.5	0.21	0.428
35.6	0.21	0.428
35.6	0.21	0.427
35.7	0.21	0.427
35.7	0.21	0.427
35.8	0.21	0.427
35.8	0.21	0.427
35.9	0.209	0.426
36	0.209	0.426
36	0.209	0.426
36.1	0.209	0.425
36.1	0.209	0.425
36.2	0.209	0.425
36.2	0.208	0.424
36.3	0.208	0.424
36.4	0.208	0.424
36.4	0.208	0.423
36.5	0.208	0.423
36.5	0.208	0.424
36.6	0.207	0.423
36.6	0.207	0.423
36.7	0.207	0.422
36.8	0.207	0.422
36.8	0.207	0.421
36.9	0.207	0.422
36.9	0.206	0.421
37	0.206	0.421
37	0.206	0.421
37.1	0.206	0.42
37.1	0.206	0.42
37.2	0.206	0.42
37.3	0.206	0.42
37.3	0.206	0.42
37.4	0.205	0.419
37.4	0.205	0.419
37.5	0.205	0.419
37.5	0.205	0.419
37.6	0.205	0.418
37.7	0.205	0.418
37.7	0.204	0.418
37.8	0.204	0.418
37.8	0.204	0.416
37.9	0.204	0.417
37.9	0.204	0.417
38	0.204	0.416
38	0.203	0.416
38.1	0.204	0.416
38.2	0.204	0.416
38.2	0.203	0.416
38.3	0.203	0.415
38.3	0.203	0.414
38.4	0.202	0.414
38.4	0.203	0.414
38.5	0.203	0.415
38.5	0.202	0.414
38.6	0.202	0.414
38.7	0.202	0.414
38.7	0.202	0.413
38.8	0.202	0.413
38.8	0.202	0.413
38.9	0.202	0.413
38.9	0.201	0.412
39	0.201	0.412
39	0.201	0.412
39.1	0.201	0.412
39.2	0.201	0.412
39.2	0.201	0.412
39.3	0.201	0.411
39.3	0.201	0.411
39.4	0.2	0.41
39.4	0.2	0.411
39.5	0.2	0.41
39.5	0.2	0.41
39.6	0.2	0.41
39.6	0.199	0.409
39.7	0.2	0.41
39.8	0.199	0.409
39.8	0.199	0.409
39.9	0.199	0.409
39.9	0.199	0.408
40	0.199	0.408
40	0.199	0.408
40.1	0.199	0.408
40.1	0.199	0.408
40.2	0.198	0.407
40.3	0.198	0.407
40.3	0.198	0.407
40.4	0.198	0.407
40.4	0.198	0.406
40.5	0.198	0.406
40.5	0.198	0.406
40.6	0.198	0.406
40.6	0.197	0.405
40.7	0.197	0.405
40.7	0.197	0.405
40.8	0.197	0.405
40.9	0.197	0.404
40.9	0.197	0.404
41	0.197	0.404
41	0.197	0.404
41.1	0.196	0.403
41.1	0.196	0.403
41.2	0.196	0.402
41.2	0.196	0.403
41.3	0.196	0.403
41.3	0.196	0.403
41.4	0.196	0.402
41.5	0.195	0.402
41.5	0.195	0.402
41.6	0.195	0.402
41.6	0.195	0.401
41.7	0.195	0.401
41.7	0.195	0.401
41.8	0.195	0.4
41.8	0.195	0.4
41.9	0.195	0.4
42	0.194	0.4
42	0.194	0.4
42.1	0.194	0.399
42.1	0.194	0.399
42.2	0.194	0.399
42.2	0.194	0.399
42.3	0.194	0.399
42.3	0.194	0.399
42.4	0.193	0.398
42.4	0.193	0.398
42.5	0.193	0.398
42.6	0.193	0.398
42.6	0.193	0.398
42.7	0.193	0.398
42.7	0.193	0.397
42.8	0.193	0.397
42.8	0.193	0.397
42.9	0.192	0.396
42.9	0.192	0.396
43	0.192	0.396
43	0.192	0.395
43.1	0.192	0.396
43.1	0.192	0.395
43.2	0.192	0.395
43.3	0.191	0.395
43.3	0.192	0.395
43.4	0.191	0.394
43.4	0.191	0.394
43.5	0.191	0.394
43.5	0.191	0.394
43.6	0.191	0.393
43.6	0.19	0.393
43.7	0.191	0.393
43.7	0.19	0.392
43.8	0.19	0.393
43.8	0.19	0.393
43.9	0.19	0.392
44	0.19	0.392
44	0.19	0.392
44.1	0.19	0.392
44.1	0.19	0.392
44.2	0.189	0.391
44.2	0.189	0.391
44.3	0.189	0.391
44.3	0.189	0.391
44.4	0.189	0.391
44.4	0.189	0.391
44.5	0.189	0.39
44.5	0.189	0.39
44.6	0.189	0.39
44.6	0.188	0.39
44.7	0.188	0.389
44.8	0.188	0.389
44.8	0.188	0.389
44.9	0.188	0.388
44.9	0.188	0.389
45	0.188	0.388
45	0.187	0.387
45.1	0.188	0.389
45.1	0.188	0.388
45.2	0.187	0.388
45.2	0.187	0.388
45.3	0.187	0.388
45.3	0.187	0.388
45.4	0.187	0.387
45.4	0.187	0.387
45.5	0.187	0.387
45.6	0.187	0.386
45.6	0.186	0.386
45.7	0.186	0.386
45.7	0.186	0.386
45.8	0.186	0.386
45.8	0.186	0.385
45.9	0.186	0.386
45.9	0.186	0.385
46	0.186	0.386
46	0.186	0.385
46.1	0.186	0.385
46.1	0.185	0.385
46.2	0.185	0.384
46.2	0.185	0.385
46.3	0.185	0.384
46.3	0.185	0.384
46.4	0.185	0.384
46.4	0.185	0.383
46.5	0.185	0.383
46.5	0.184	0.382
46.6	0.184	0.382
46.7	0.184	0.382
46.7	0.184	0.382
46.8	0.184	0.383
46.8	0.184	0.381
46.9	0.184	0.382
46.9	0.184	0.382
47	0.184	0.381
47	0.184	0.381
47.1	0.183	0.38
47.1	0.183	0.38
47.2	0.183	0.381
47.2	0.183	0.381
47.3	0.183	0.381
47.3	0.183	0.38
47.4	0.183	0.379
47.4	0.183	0.38
47.5	0.183	0.38
47.5	0.183	0.38
47.6	0.182	0.379
47.6	0.182	0.379
47.7	0.182	0.379
47.7	0.182	0.378
47.8	0.182	0.378
47.8	0.182	0.379
47.9	0.182	0.378
47.9	0.182	0.378
48	0.182	0.378
48.1	0.182	0.378
48.1	0.182	0.378
48.2	0.182	0.378
48.2	0.181	0.377
48.3	0.181	0.377
48.3	0.181	0.377
48.4	0.181	0.377
48.4	0.181	0.376
48.5	0.181	0.377
48.5	0.181	0.377
48.6	0.181	0.376
48.6	0.181	0.376
48.7	0.18	0.376
48.7	0.18	0.375
48.8	0.18	0.375
48.8	0.18	0.375
48.9	0.18	0.375
48.9	0.18	0.374
49	0.18	0.374
49	0.18	0.375
49.1	0.18	0.374
49.1	0.179	0.374
49.2	0.18	0.374
49.2	0.179	0.374
49.3	0.179	0.373
49.4	0.179	0.373
49.4	0.179	0.373
49.5	0.179	0.373
49.5	0.179	0.373
49.6	0.179	0.373
49.6	0.179	0.372
49.7	0.179	0.373
49.7	0.179	0.372
49.8	0.178	0.372
49.8	0.178	0.372
49.9	0.178	0.371
49.9	0.178	0.37
50	0.178	0.372
50	0.178	0.371
50.1	0.178	0.371
50.1	0.178	0.371
50.2	0.178	0.371
50.2	0.178	0.371
50.3	0.178	0.371
50.3	0.178	0.371
50.4	0.177	0.37
50.4	0.177	0.37
50.5	0.177	0.37
50.5	0.177	0.37
50.6	0.177	0.369
50.6	0.177	0.37
50.7	0.176	0.369
50.7	0.177	0.369
50.8	0.176	0.369
50.8	0.176	0.368
50.9	0.176	0.368
50.9	0.176	0.369
51	0.176	0.367
51	0.176	0.367
51.1	0.176	0.368
51.1	0.176	0.368
51.2	0.176	0.367
51.3	0.176	0.367
51.3	0.176	0.368
51.4	0.176	0.367
51.4	0.175	0.366
51.5	0.175	0.366
51.5	0.175	0.367
51.6	0.175	0.366
51.6	0.175	0.366
51.7	0.175	0.366
51.7	0.175	0.366
51.8	0.175	0.366
51.8	0.175	0.366
51.9	0.175	0.365
51.9	0.174	0.365
52	0.175	0.365
52	0.175	0.365
52.1	0.174	0.365
52.1	0.174	0.365
52.2	0.174	0.365
52.2	0.174	0.363
52.3	0.174	0.364
52.3	0.174	0.364
52.4	0.174	0.364
52.4	0.174	0.364
52.5	0.174	0.364
52.5	0.173	0.363
52.6	0.173	0.363
52.6	0.173	0.363
52.7	0.173	0.363
52.7	0.173	0.363
52.8	0.173	0.363
52.8	0.173	0.362
52.9	0.173	0.363
52.9	0.173	0.362
53	0.173	0.362
53	0.173	0.362
53.1	0.172	0.362
53.1	0.173	0.362
53.2	0.173	0.362
53.2	0.172	0.362
53.3	0.172	0.361
53.3	0.172	0.36
53.4	0.172	0.361
53.4	0.172	0.361
53.5	0.172	0.361
53.5	0.172	0.361
53.6	0.172	0.36
53.6	0.172	0.36
53.7	0.172	0.361
53.7	0.172	0.361
53.8	0.172	0.36
53.8	0.172	0.36
53.9	0.171	0.359
53.9	0.171	0.359
54	0.171	0.36
54	0.171	0.359
54.1	0.171	0.36
54.1	0.171	0.359
54.2	0.171	0.359
54.2	0.171	0.359
54.3	0.171	0.359
54.3	0.171	0.358
54.4	0.17	0.358
54.4	0.17	0.358
54.5	0.17	0.358
54.5	0.17	0.358
54.6	0.17	0.358
54.6	0.17	0.358
54.7	0.17	0.357
54.7	0.17	0.357
54.8	0.17	0.357
54.8	0.17	0.357
54.9	0.17	0.357
54.9	0.17	0.357
55	0.169	0.356
55	0.17	0.357
55.1	0.169	0.356
55.1	0.169	0.356
55.2	0.169	0.356
55.2	0.169	0.356
55.3	0.169	0.356
55.3	0.169	0.356
55.4	0.169	0.356
55.4	0.169	0.355
55.5	0.169	0.356
55.5	0.169	0.355
55.6	0.169	0.355
55.6	0.168	0.355
55.7	0.168	0.355
55.7	0.168	0.355
55.7	0.168	0.355
55.8	0.168	0.354
55.8	0.168	0.354
55.9	0.168	0.354
55.9	0.168	0.354
56	0.168	0.354
56	0.168	0.353
56.1	0.167	0.352
56.1	0.168	0.354
56.2	0.167	0.353
56.2	0.168	0.353
56.3	0.167	0.352
56.3	0.167	0.352
56.4	0.167	0.352
56.4	0.167	0.353
56.5	0.167	0.352
56.5	0.167	0.352
56.6	0.167	0.352
56.6	0.167	0.351
56.7	0.167	0.352
56.7	0.167	0.352
56.8	0.166	0.351
56.8	0.166	0.351
56.9	0.167	0.352
56.9	0.166	0.351
57	0.166	0.351
57	0.166	0.351
57.1	0.166	0.35
57.1	0.166	0.35
57.2	0.166	0.351
57.2	0.166	0.35
57.3	0.166	0.35
57.3	0.166	0.35
57.4	0.166	0.35
57.4	0.166	0.35
57.5	0.165	0.349
57.5	0.165	0.35
57.6	0.165	0.35
57.6	0.165	0.349
57.7	0.165	0.349
57.7	0.165	0.349
57.8	0.165	0.349
57.8	0.165	0.349
57.8	0.165	0.348
57.9	0.165	0.349
57.9	0.165	0.348
58	0.165	0.348
58	0.165	0.348
58.1	0.164	0.347
58.1	0.164	0.347
58.2	0.164	0.347
58.2	0.164	0.348
58.3	0.164	0.347
58.3	0.164	0.347
58.4	0.164	0.347
58.4	0.164	0.347
58.5	0.164	0.348
58.5	0.164	0.347
58.6	0.164	0.346
58.6	0.164	0.347
58.7	0.164	0.347
58.7	0.163	0.346
58.8	0.164	0.346
58.8	0.163	0.345
58.9	0.163	0.346
58.9	0.163	0.346
59	0.163	0.345
59	0.163	0.345
59.1	0.163	0.345
59.1	0.163	0.345
59.2	0.163	0.345
59.2	0.163	0.345
59.3	0.163	0.344
59.3	0.163	0.345
59.3	0.162	0.344
59.4	0.163	0.345
59.4	0.162	0.344
59.5	0.162	0.344
59.5	0.162	0.344
59.6	0.162	0.344
59.6	0.162	0.344
59.7	0.162	0.344
59.7	0.162	0.343
59.8	0.162	0.343
59.8	0.162	0.343
59.9	0.162	0.343
59.9	0.162	0.342
60	0.162	0.343
60	0.162	0.343
60.1	0.162	0.343
60.1	0.162	0.343
60.2	0.162	0.343
60.2	0.161	0.342
60.3	0.161	0.341
60.3	0.161	0.342
60.3	0.161	0.342
60.4	0.161	0.342
60.4	0.161	0.341
60.5	0.161	0.341
60.5	0.161	0.341
60.6	0.161	0.341
60.6	0.161	0.341
60.7	0.16	0.34
60.7	0.161	0.341
60.8	0.161	0.341
60.8	0.16	0.34
60.9	0.16	0.341
60.9	0.16	0.34
61	0.16	0.34
61	0.16	0.34
61.1	0.16	0.34
61.1	0.16	0.34
61.1	0.16	0.34
61.2	0.16	0.339
61.2	0.16	0.339
61.3	0.16	0.34
61.3	0.16	0.339
61.4	0.159	0.339
61.4	0.16	0.339
61.5	0.159	0.339
61.5	0.159	0.339
61.6	0.159	0.339
61.6	0.159	0.338
61.7	0.159	0.338
61.7	0.159	0.338
61.8	0.159	0.338
61.8	0.159	0.338
61.9	0.159	0.338
61.9	0.159	0.338
61.9	0.159	0.337
62	0.159	0.337
62	0.159	0.338
62.1	0.159	0.338
62.1	0.159	0.338
62.2	0.158	0.337
62.2	0.158	0.337
62.3	0.158	0.337
62.3	0.158	0.337
62.4	0.158	0.337
62.4	0.158	0.337
62.5	0.158	0.336
62.5	0.158	0.336
62.6	0.158	0.336
62.6	0.158	0.336
62.6	0.158	0.336
62.7	0.158	0.336
62.7	0.158	0.336
62.8	0.158	0.336
62.8	0.158	0.335
62.9	0.157	0.335
62.9	0.157	0.335
63	0.157	0.336
63	0.157	0.335
63.1	0.157	0.335
63.1	0.157	0.335
63.2	0.157	0.335
63.2	0.157	0.335
63.3	0.157	0.335
63.3	0.157	0.334
63.3	0.157	0.334
63.4	0.157	0.334
63.4	0.157	0.334
63.5	0.156	0.333
63.5	0.156	0.333
63.6	0.157	0.334
63.6	0.156	0.333
63.7	0.156	0.334
63.7	0.156	0.333
63.8	0.156	0.333
63.8	0.156	0.333
63.9	0.156	0.333
63.9	0.156	0.333
63.9	0.156	0.333
64	0.156	0.332
64	0.156	0.332
64.1	0.156	0.332
64.1	0.156	0.333
64.2	0.156	0.332
64.2	0.156	0.332
64.3	0.155	0.331
64.3	0.155	0.332
64.4	0.156	0.332
64.4	0.155	0.332
64.5	0.155	0.331
64.5	0.155	0.331
64.5	0.155	0.331
64.6	0.155	0.331
64.6	0.155	0.331
64.7	0.155	0.33
64.7	0.155	0.331
64.8	0.155	0.331
64.8	0.155	0.33
64.9	0.155	0.331
64.9	0.155	0.33
64.9	0.154	0.329
65	0.155	0.331
65	0.154	0.329
65.1	0.154	0.33
65.1	0.154	0.33
65.2	0.154	0.329
65.2	0.154	0.33
65.3	0.154	0.329
65.3	0.154	0.329
65.4	0.154	0.329
65.4	0.154	0.329
65.5	0.154	0.328
65.5	0.154	0.329
65.5	0.154	0.329
65.6	0.154	0.328
65.6	0.153	0.328
65.7	0.153	0.328
65.7	0.153	0.328
65.8	0.153	0.328
65.8	0.153	0.328
65.9	0.153	0.328
65.9	0.153	0.328
66	0.153	0.327
66	0.153	0.328
66	0.153	0.328
66.1	0.153	0.327
66.1	0.153	0.327
66.2	0.153	0.327
66.2	0.153	0.327
66.3	0.153	0.327
66.3	0.153	0.326
66.4	0.153	0.327
66.4	0.153	0.327
66.4	0.152	0.326
66.5	0.153	0.327
66.5	0.152	0.326
66.6	0.152	0.327
66.6	0.152	0.326
66.7	0.152	0.326
66.7	0.152	0.326
66.8	0.152	0.325
66.8	0.152	0.325
66.8	0.152	0.326
66.9	0.152	0.325
66.9	0.152	0.325
67	0.152	0.325
67	0.151	0.324
67.1	0.151	0.324
67.1	0.152	0.325
67.2	0.152	0.325
67.2	0.151	0.325
67.2	0.152	0.325
67.3	0.151	0.325
67.3	0.151	0.324
67.4	0.151	0.324
67.4	0.151	0.324
67.5	0.151	0.324
67.5	0.151	0.324
67.5	0.151	0.324
67.6	0.151	0.324
67.6	0.151	0.324
67.7	0.151	0.324
67.7	0.151	0.324
67.8	0.151	0.323
67.8	0.151	0.323
67.8	0.151	0.323
67.9	0.15	0.323
67.9	0.151	0.323
68	0.151	0.323
68	0.15	0.323
68.1	0.15	0.322
68.1	0.15	0.323
68.2	0.15	0.322
68.2	0.15	0.322
68.3	0.15	0.322
68.3	0.15	0.322
68.3	0.15	0.322
68.4	0.15	0.322
68.4	0.15	0.322
68.5	0.15	0.322
68.5	0.15	0.321
68.6	0.15	0.321
68.6	0.149	0.32
68.6	0.149	0.321
68.7	0.15	0.321
68.7	0.149	0.32
68.8	0.149	0.321
68.8	0.149	0.321
68.8	0.149	0.32
68.9	0.149	0.32
68.9	0.149	0.32
69	0.149	0.32
69	0.149	0.32
69.1	0.149	0.32
69.1	0.149	0.32
69.1	0.149	0.32
69.2	0.149	0.32
69.2	0.149	0.319
69.3	0.148	0.319
69.3	0.149	0.319
69.3	0.149	0.319
69.4	0.148	0.318
69.4	0.148	0.319
69.5	0.149	0.319
69.5	0.148	0.319
69.6	0.148	0.319
69.6	0.148	0.319
69.6	0.148	0.319
69.7	0.148	0.318
69.7	0.148	0.318
69.8	0.148	0.318
69.8	0.148	0.318
69.8	0.148	0.318
69.9	0.148	0.318
69.9	0.148	0.318
70	0.148	0.318
70	0.148	0.318
70	0.148	0.317
70.1	0.148	0.317
70.1	0.147	0.317
70.1	0.147	0.317
70.2	0.147	0.316
70.2	0.147	0.317
70.3	0.147	0.316
70.3	0.147	0.317
70.3	0.147	0.316
70.4	0.147	0.316
70.4	0.147	0.316
70.4	0.147	0.316
70.5	0.147	0.316
70.5	0.147	0.316
70.6	0.147	0.315
70.6	0.147	0.316
70.6	0.146	0.315
70.6	0.146	0.314
70.7	0.146	0.315
70.7	0.146	0.315
70.7	0.146	0.315
70.8	0.146	0.314
70.8	0.146	0.314
70.8	0.146	0.314
70.7	0.146	0.314
70.7	0.146	0.314
70.7	0.146	0.313
70.6	0.146	0.313
70.6	0.145	0.312
70.6	0.145	0.312
70.6	0.145	0.312
70.6	0.145	0.312
70.6	0.145	0.312
