9.1	0.374	0.638
9.15	0.373	0.637
9.19	0.371	0.636
9.24	0.37	0.634
9.3	0.369	0.633
9.35	0.368	0.632
9.4	0.366	0.63
9.45	0.365	0.629
9.5	0.364	0.628
9.55	0.363	0.626
9.6	0.361	0.625
9.65	0.36	0.624
9.71	0.359	0.622
9.76	0.357	0.621
9.81	0.353	0.624
9.85	0.352	0.623
9.9	0.35	0.621
9.94	0.349	0.619
9.97	0.347	0.617
10	0.345	0.615
10	0.344	0.613
10	0.342	0.612
9.97	0.34	0.61
9.93	0.339	0.609
9.88	0.338	0.608
9.83	0.337	0.607
9.78	0.337	0.606
9.72	0.336	0.605
9.67	0.335	0.604
9.62	0.335	0.604
9.57	0.334	0.603
9.52	0.333	0.602
9.47	0.333	0.601
9.43	0.332	0.6
9.38	0.331	0.6
9.33	0.33	0.599
9.29	0.33	0.598
9.25	0.329	0.597
9.21	0.328	0.596
9.17	0.327	0.595
9.13	0.326	0.594
9.09	0.325	0.593
9.06	0.324	0.592
9.02	0.323	0.59
8.99	0.322	0.589
8.96	0.321	0.588
8.93	0.32	0.587
8.9	0.319	0.586
8.87	0.318	0.585
8.84	0.317	0.584
8.82	0.317	0.585
8.8	0.313	0.585
8.78	0.306	0.591
8.77	0.305	0.592
8.76	0.304	0.593
8.75	0.302	0.596
8.76	0.301	0.597
8.78	0.3	0.606
8.8	0.299	0.61
8.82	0.3	0.614
8.84	0.299	0.615
8.9	0.298	0.617
8.94	0.298	0.619
9.01	0.297	0.62
9.07	0.296	0.62
9.13	0.295	0.62
9.2	0.293	0.62
9.26	0.292	0.62
9.33	0.291	0.62
9.38	0.291	0.62
9.45	0.289	0.62
9.52	0.288	0.619
9.6	0.287	0.618
9.68	0.285	0.618
9.76	0.284	0.617
9.77	0.284	0.617
9.83	0.283	0.616
9.91	0.282	0.615
9.99	0.281	0.614
10.1	0.279	0.613
10.2	0.278	0.612
10.2	0.277	0.61
10.3	0.275	0.609
10.4	0.274	0.608
10.5	0.273	0.606
10.6	0.271	0.605
10.7	0.27	0.604
10.8	0.269	0.602
10.9	0.267	0.6
11	0.266	0.599
11.1	0.265	0.597
11.2	0.263	0.596
11.3	0.262	0.594
11.4	0.261	0.592
11.5	0.259	0.59
11.6	0.258	0.588
11.7	0.257	0.587
11.8	0.255	0.585
11.9	0.254	0.583
12	0.253	0.581
12.1	0.251	0.579
12.2	0.25	0.577
12.3	0.249	0.575
12.4	0.247	0.573
12.5	0.246	0.571
12.7	0.245	0.569
12.8	0.244	0.567
12.9	0.242	0.565
13	0.241	0.563
13.1	0.24	0.561
13.3	0.238	0.559
13.4	0.237	0.557
13.5	0.236	0.555
13.6	0.235	0.553
13.8	0.233	0.551
13.9	0.232	0.549
14	0.231	0.547
14.1	0.23	0.545
14.3	0.228	0.543
14.4	0.227	0.541
14.5	0.226	0.539
14.7	0.225	0.537
14.8	0.224	0.535
15	0.222	0.534
15.1	0.221	0.532
15.2	0.22	0.53
15.4	0.219	0.528
15.5	0.218	0.526
15.7	0.217	0.524
15.8	0.216	0.522
16	0.214	0.52
16.1	0.213	0.518
16.2	0.212	0.517
16.4	0.211	0.515
16.5	0.21	0.513
16.7	0.209	0.511
16.8	0.208	0.509
17	0.207	0.507
17.2	0.206	0.505
17.3	0.205	0.504
17.3	0.205	0.503
17.5	0.204	0.502
17.7	0.203	0.5
17.8	0.202	0.498
18	0.201	0.496
18.2	0.2	0.493
18.4	0.198	0.491
18.5	0.197	0.489
18.7	0.196	0.487
18.9	0.195	0.485
19.1	0.194	0.482
19.3	0.193	0.48
19.6	0.191	0.477
19.8	0.19	0.474
20	0.189	0.472
20.2	0.187	0.469
20.5	0.186	0.466
20.7	0.184	0.463
21	0.183	0.459
21.2	0.181	0.456
21.5	0.18	0.453
21.7	0.178	0.449
22	0.177	0.445
22.3	0.175	0.441
22.6	0.173	0.437
22.9	0.172	0.433
23.2	0.17	0.429
23.6	0.168	0.425
23.9	0.166	0.42
24.2	0.164	0.416
24.6	0.162	0.411
24.9	0.16	0.406
25.3	0.158	0.401
25.3	0.158	0.401
25.6	0.156	0.396
26	0.154	0.392
26.3	0.152	0.387
26.5	0.15	0.382
26.7	0.149	0.378
26.6	0.148	0.377
26.5	0.148	0.375
26.6	0.147	0.372
26.8	0.148	0.37
27	0.146	0.367
27.2	0.145	0.364
27.5	0.144	0.361
27.7	0.143	0.358
28	0.142	0.355
28.2	0.141	0.352
28.4	0.14	0.35
28.6	0.139	0.347
28.8	0.138	0.344
29	0.137	0.341
29.2	0.136	0.338
29.4	0.135	0.336
29.6	0.134	0.333
29.9	0.133	0.33
30.1	0.132	0.328
30.3	0.131	0.325
30.6	0.13	0.323
30.8	0.129	0.32
30.8	0.129	0.32
31	0.128	0.318
31.3	0.127	0.315
31.5	0.126	0.312
31.8	0.125	0.31
32	0.124	0.308
32.3	0.123	0.305
32.6	0.123	0.303
32.8	0.121	0.3
33.1	0.121	0.298
33.4	0.12	0.296
33.6	0.119	0.293
33.9	0.118	0.291
34.2	0.117	0.289
34.5	0.116	0.286
34.8	0.115	0.285
35.1	0.115	0.282
35.4	0.113	0.28
35.7	0.113	0.278
36	0.112	0.276
36.3	0.111	0.274
36.6	0.11	0.271
37	0.109	0.269
37.3	0.109	0.268
37.6	0.108	0.265
38	0.107	0.263
38.3	0.106	0.261
38.7	0.105	0.259
39	0.104	0.257
39.4	0.104	0.255
39.8	0.103	0.253
40.1	0.102	0.251
40.5	0.101	0.249
40.9	0.1	0.247
41.3	0.0995	0.245
41.7	0.0988	0.244
42.1	0.098	0.242
42.5	0.0973	0.24
42.9	0.0965	0.238
43.3	0.0957	0.236
43.8	0.0951	0.234
44.2	0.0942	0.232
44.6	0.0936	0.231
45.1	0.0927	0.229
45.5	0.0918	0.227
46	0.0911	0.225
46.5	0.0907	0.224
46.9	0.0898	0.222
47.4	0.0891	0.22
47.9	0.0886	0.219
48.4	0.0878	0.217
48.9	0.087	0.215
49.4	0.0862	0.213
49.9	0.0855	0.211
50.4	0.0847	0.21
51	0.0843	0.208
51.5	0.0835	0.207
52	0.0827	0.205
52.6	0.0819	0.203
53.2	0.0816	0.202
53.7	0.0808	0.2
54.3	0.0802	0.199
54.9	0.0794	0.197
55.5	0.0787	0.195
56.1	0.0782	0.194
56.7	0.0775	0.192
57.3	0.0769	0.191
57.9	0.0762	0.189
58.6	0.0755	0.187
59.2	0.075	0.186
59.9	0.0743	0.185
60.5	0.0736	0.183
61.2	0.0729	0.181
61.9	0.0725	0.18
62.6	0.0718	0.179
63.3	0.0712	0.177
64	0.0706	0.176
64.7	0.07	0.174
65.5	0.0694	0.173
66.2	0.0688	0.171
66.9	0.0681	0.17
67.7	0.0676	0.169
68.5	0.0669	0.167
69.3	0.0664	0.166
70.1	0.0658	0.164
70.9	0.0653	0.163
71.7	0.0648	0.162
72.6	0.0641	0.16
73.4	0.0635	0.159
74.3	0.0631	0.158
75.3	0.0624	0.156
76.2	0.0618	0.155
77.2	0.0612	0.154
78.2	0.0606	0.152
79.1	0.06	0.151
79.9	0.0597	0.15
80.4	0.0592	0.148
80.9	0.0589	0.147
81.4	0.0583	0.145
81.6	0.0577	0.143
81.1	0.0579	0.143
79.9	0.0583	0.145
78.5	0.0591	0.146
77.2	0.0599	0.149
75.9	0.0608	0.151
74.5	0.0617	0.153
73.3	0.0627	0.156
72.2	0.0636	0.158
72.5	0.0636	0.158
73.5	0.0629	0.157
74.6	0.0622	0.155
75.7	0.0615	0.154
76.7	0.0608	0.152
77.8	0.0603	0.15
79	0.0597	0.149
80.1	0.059	0.148
81.3	0.0584	0.146
82.5	0.0577	0.144
83.7	0.057	0.143
84.9	0.0563	0.141
86.1	0.0557	0.14
87.4	0.0551	0.138
88.7	0.0544	0.137
90	0.054	0.136
91.3	0.0533	0.134
92.7	0.0527	0.133
94	0.0522	0.131
95.4	0.0516	0.13
96.8	0.0511	0.129
98.3	0.0505	0.127
99.7	0.0499	0.126
101	0.0493	0.125
103	0.0487	0.123
104	0.0482	0.122
106	0.0476	0.12
108	0.047	0.119
109	0.0465	0.118
111	0.0459	0.116
113	0.0453	0.115
114	0.0448	0.114
116	0.0442	0.112
118	0.0437	0.111
120	0.0433	0.11
122	0.0427	0.109
123	0.0422	0.107
125	0.0417	0.106
127	0.0412	0.105
129	0.0407	0.104
131	0.0401	0.102
133	0.0397	0.101
135	0.0392	0.1
138	0.0388	0.0993
140	0.0384	0.0981
142	0.0379	0.097
144	0.0374	0.0958
146	0.037	0.0947
148	0.0365	0.0936
151	0.0361	0.0926
153	0.0356	0.0915
155	0.0352	0.0904
157	0.0349	0.0897
159	0.0346	0.0888
161	0.0341	0.0878
164	0.0337	0.0868
166	0.0333	0.0857
169	0.0329	0.0847
171	0.0325	0.0837
174	0.0321	0.0827
177	0.0317	0.0818
179	0.0313	0.0808
182	0.0309	0.0798
185	0.0305	0.0789
188	0.0301	0.0779
191	0.0297	0.077
194	0.0294	0.0761
197	0.029	0.0752
200	0.0286	0.0743
203	0.0283	0.0734
207	0.0279	0.0725
210	0.0276	0.0716
213	0.0272	0.0708
217	0.0269	0.0699
220	0.0265	0.0691
223	0.0262	0.0683
227	0.0259	0.0675
230	0.0256	0.0668
234	0.0253	0.066
237	0.025	0.0653
241	0.0247	0.0646
244	0.0244	0.0639
248	0.0241	0.0633
251	0.0239	0.0626
255	0.0236	0.062
258	0.0234	0.0614
262	0.0231	0.0609
265	0.0229	0.0604
268	0.0227	0.0598
272	0.0225	0.0593
275	0.0223	0.0589
278	0.0221	0.0584
281	0.0219	0.058
285	0.0217	0.0576
288	0.0215	0.0572
291	0.0213	0.0566
294	0.0212	0.0563
297	0.021	0.056
300	0.0208	0.0555
303	0.0207	0.0552
306	0.0205	0.0549
308	0.0204	0.0546
311	0.0203	0.0543
314	0.0202	0.0541
317	0.02	0.0539
319	0.0199	0.0536
322	0.0198	0.0532
325	0.0196	0.053
328	0.0195	0.0528
330	0.0194	0.0527
333	0.0194	0.0525
336	0.0193	0.0523
339	0.0192	0.0521
342	0.0191	0.052
344	0.019	0.0517
347	0.0189	0.0516
350	0.0188	0.0514
353	0.0187	0.0513
356	0.0186	0.0511
358	0.0186	0.051
361	0.0185	0.0508
364	0.0184	0.0507
367	0.0183	0.0506
370	0.0182	0.0503
372	0.0182	0.0502
375	0.0181	0.05
378	0.018	0.0499
381	0.0179	0.0495
384	0.0178	0.0494
387	0.0189	0.052
390	0.0188	0.0518
393	0.0186	0.0515
396	0.0186	0.0514
399	0.0185	0.0512
402	0.0184	0.0511
405	0.0183	0.0509
408	0.0183	0.0507
411	0.0182	0.0505
414	0.0181	0.0504
417	0.018	0.0502
420	0.018	0.05
424	0.0179	0.0498
427	0.0178	0.0496
430	0.0177	0.0494
433	0.0177	0.0492
437	0.0176	0.049
440	0.0175	0.0488
444	0.0174	0.0486
447	0.0173	0.0484
451	0.0172	0.0482
454	0.0172	0.048
458	0.0171	0.0478
462	0.017	0.0475
465	0.0169	0.0473
469	0.0168	0.0471
472	0.0167	0.0469
476	0.0166	0.0467
480	0.0166	0.0464
484	0.0165	0.0462
487	0.0164	0.046
491	0.0163	0.0458
495	0.0162	0.0456
499	0.0161	0.0453
503	0.0161	0.0451
506	0.016	0.0449
510	0.0159	0.0447
514	0.0158	0.0444
518	0.0157	0.0442
522	0.0156	0.044
526	0.0156	0.0438
530	0.0155	0.0436
534	0.0154	0.0433
538	0.0153	0.0431
542	0.0152	0.0429
546	0.0152	0.0427
550	0.0151	0.0425
554	0.015	0.0423
558	0.0149	0.042
562	0.0149	0.0418
567	0.0148	0.0416
571	0.0147	0.0414
575	0.0146	0.0412
579	0.0146	0.041
583	0.0135	0.0379
587	0.0134	0.0377
591	0.0133	0.0375
595	0.0133	0.0373
599	0.0132	0.0372
603	0.0131	0.037
607	0.0131	0.0368
611	0.013	0.0366
615	0.013	0.0364
619	0.0129	0.0363
623	0.0128	0.0361
627	0.0128	0.036
631	0.0127	0.0358
635	0.0127	0.0356
638	0.0126	0.0355
642	0.0126	0.0354
646	0.0125	0.0352
649	0.0125	0.0351
653	0.0125	0.035
656	0.0124	0.0348
659	0.0124	0.0347
663	0.0123	0.0346
666	0.0123	0.0345
669	0.0123	0.0344
672	0.0122	0.0343
675	0.0122	0.0342
677	0.0122	0.0341
680	0.0122	0.0341
683	0.0121	0.034
685	0.0121	0.0339
688	0.0121	0.0339
690	0.0121	0.0338
693	0.0121	0.0337
695	0.0121	0.0337
697	0.0121	0.0337
699	0.012	0.0336
701	0.012	0.0336
703	0.012	0.0335
705	0.012	0.0335
707	0.012	0.0335
708	0.012	0.0335
710	0.012	0.0334
712	0.012	0.0334
713	0.012	0.0334
715	0.012	0.0334
716	0.012	0.0334
718	0.012	0.0334
719	0.012	0.0334
720	0.012	0.0334
722	0.012	0.0334
723	0.012	0.0334
724	0.0121	0.0334
725	0.0121	0.0334
726	0.0121	0.0334
728	0.0121	0.0334
729	0.0121	0.0334
730	0.0121	0.0334
731	0.0121	0.0334
732	0.0121	0.0335
733	0.0121	0.0335
734	0.0122	0.0335
735	0.0122	0.0335
736	0.0122	0.0335
737	0.0122	0.0335
738	0.0122	0.0336
739	0.0122	0.0336
740	0.0122	0.0336
741	0.0123	0.0336
742	0.0123	0.0338
743	0.0123	0.0338
744	0.0123	0.0338
745	0.0124	0.0338
746	0.0124	0.0339
747	0.0124	0.0339
748	0.0124	0.0339
749	0.0124	0.0339
750	0.0124	0.034
751	0.0125	0.034
752	0.0125	0.034
753	0.0125	0.034
754	0.0125	0.0341
755	0.0125	0.0341
756	0.0126	0.0341
757	0.0126	0.0341
758	0.0126	0.0342
759	0.0126	0.0342
760	0.0126	0.0342
761	0.0127	0.0342
763	0.0127	0.0343
764	0.0127	0.0343
765	0.0127	0.0343
766	0.0127	0.0343
767	0.0128	0.0343
768	0.0128	0.0344
770	0.0128	0.0344
771	0.0128	0.0344
772	0.0141	0.0382
773	0.0141	0.0382
775	0.0141	0.0383
776	0.0141	0.0383
777	0.0142	0.0383
778	0.0142	0.0384
780	0.0142	0.0384
781	0.0142	0.0384
782	0.0143	0.0384
783	0.0143	0.0385
785	0.0143	0.0385
786	0.0143	0.0385
787	0.0144	0.0385
789	0.0144	0.0386
790	0.0144	0.0386
791	0.0144	0.0386
793	0.0144	0.0386
794	0.0145	0.0386
796	0.0145	0.0387
797	0.0145	0.0387
798	0.0145	0.0387
800	0.0145	0.0387
801	0.0146	0.0387
803	0.0146	0.0387
804	0.0146	0.0387
806	0.0146	0.0387
807	0.0146	0.0387
809	0.0146	0.0387
810	0.0146	0.0387
812	0.0147	0.0387
814	0.0147	0.0387
815	0.0147	0.0387
817	0.0147	0.0387
818	0.0147	0.0387
820	0.0147	0.0386
822	0.0147	0.0386
823	0.0147	0.0386
825	0.0148	0.0386
826	0.0148	0.0386
828	0.0148	0.0385
829	0.0148	0.0385
831	0.0148	0.0385
832	0.0148	0.0384
834	0.0148	0.0384
835	0.0148	0.0384
835	0.0148	0.0385
835	0.0149	0.0385
834	0.0149	0.0387
834	0.0149	0.0388
833	0.015	0.039
832	0.015	0.0392
832	0.0151	0.0394
831	0.0152	0.0396
830	0.0153	0.0399
829	0.0154	0.0402
828	0.0155	0.0405
828	0.0156	0.0409
827	0.0157	0.0412
826	0.0158	0.0417
825	0.016	0.0421
824	0.0161	0.0426
823	0.0163	0.043
822	0.0165	0.0435
821	0.0166	0.0441
821	0.0168	0.0446
820	0.017	0.0452
819	0.0171	0.0455
819	0.0173	0.046
818	0.0175	0.0466
817	0.0176	0.0471
817	0.0178	0.0477
816	0.018	0.0483
815	0.0182	0.0488
815	0.0184	0.0493
814	0.0169	0.0455
814	0.017	0.046
813	0.0172	0.0464
813	0.0173	0.0468
813	0.0174	0.0471
812	0.0175	0.0475
812	0.0176	0.0478
812	0.0177	0.0481
811	0.0178	0.0483
811	0.0179	0.0485
811	0.0179	0.0487
811	0.018	0.0488
811	0.018	0.049
811	0.0181	0.0491
811	0.0181	0.0492
811	0.0182	0.0494
811	0.0182	0.0495
811	0.0183	0.0496
810	0.0183	0.0497
810	0.0183	0.0497
810	0.0183	0.0498
810	0.0184	0.0498
810	0.0184	0.0498
810	0.0184	0.0498
810	0.0184	0.0498
810	0.0184	0.0498
810	0.0184	0.0498
810	0.0183	0.0498
810	0.0183	0.0498
810	0.0183	0.0498
810	0.0183	0.0497
810	0.0183	0.0497
810	0.0183	0.0497
810	0.0183	0.0497
810	0.0183	0.0497
810	0.0182	0.0495
810	0.0182	0.0495
810	0.0182	0.0495
810	0.0182	0.0495
810	0.0182	0.0496
810	0.0182	0.0497
811	0.0183	0.0498
811	0.0183	0.0499
811	0.0183	0.05
811	0.0183	0.05
811	0.0184	0.05
811	0.0184	0.0501
811	0.0184	0.0501
811	0.0184	0.0502
811	0.0184	0.0501
811	0.0184	0.0501
811	0.0183	0.0501
811	0.0183	0.0501
811	0.0183	0.05
811	0.0183	0.05
811	0.0183	0.05
811	0.0183	0.05
811	0.0183	0.05
811	0.0183	0.05
811	0.0183	0.05
811	0.0182	0.0499
811	0.0182	0.0499
811	0.0182	0.0499
811	0.0182	0.0499
811	0.0182	0.0498
811	0.0182	0.0498
811	0.0182	0.0498
811	0.0181	0.0498
811	0.0181	0.0497
811	0.0181	0.0497
811	0.0181	0.0497
811	0.018	0.0494
811	0.018	0.0494
811	0.018	0.0493
811	0.018	0.0493
811	0.018	0.0493
811	0.0179	0.0493
811	0.0179	0.0492
811	0.0179	0.0492
811	0.0179	0.0492
811	0.0179	0.0492
811	0.0179	0.0493
811	0.0179	0.0493
811	0.018	0.0494
811	0.018	0.0494
811	0.018	0.0495
811	0.0181	0.0498
811	0.0181	0.0498
811	0.0182	0.0499
811	0.0182	0.0499
811	0.0182	0.0499
811	0.0182	0.0499
811	0.0182	0.0499
811	0.0182	0.0499
811	0.0182	0.0499
811	0.0182	0.0498
811	0.0181	0.0498
811	0.0181	0.0498
811	0.018	0.0495
811	0.018	0.0494
811	0.018	0.0494
811	0.018	0.0494
811	0.018	0.0493
811	0.0179	0.0493
811	0.0179	0.0493
811	0.0179	0.0493
811	0.0179	0.0492
811	0.0179	0.0492
811	0.0179	0.0492
811	0.0179	0.0492
811	0.0179	0.0492
811	0.0179	0.0492
811	0.0179	0.0492
811	0.0179	0.0493
811	0.0179	0.0493
811	0.018	0.0493
811	0.018	0.0494
811	0.018	0.0494
811	0.018	0.0494
811	0.018	0.0494
811	0.018	0.0494
811	0.018	0.0494
811	0.0179	0.0493
811	0.0179	0.0493
811	0.0179	0.0493
811	0.0179	0.0492
811	0.0179	0.0492
811	0.0179	0.0492
811	0.0179	0.0491
811	0.0179	0.0491
811	0.0178	0.0491
811	0.0178	0.0491
811	0.0178	0.049
811	0.0178	0.049
811	0.0178	0.049
811	0.0178	0.0489
811	0.0177	0.0489
811	0.0177	0.0489
811	0.0177	0.0488
811	0.0177	0.0488
811	0.0177	0.0487
811	0.0177	0.0487

