1.64	0.468	0.812
1.71	0.46	0.802
1.77	0.453	0.792
1.83	0.446	0.782
1.75	0.438	0.775
1.88	0.407	0.735
1.94	0.4	0.725
2.01	0.392	0.714
2.08	0.385	0.704
2.16	0.378	0.694
2.25	0.371	0.684
2.33	0.365	0.675
2.42	0.36	0.667
2.51	0.354	0.659
2.61	0.349	0.651
2.71	0.345	0.643
2.81	0.339	0.635
2.92	0.334	0.628
3.03	0.33	0.621
3.14	0.324	0.624
3.26	0.32	0.617
3.38	0.315	0.61
3.51	0.311	0.603
3.65	0.307	0.596
3.78	0.302	0.588
3.93	0.298	0.581
4.08	0.294	0.574
4.23	0.29	0.567
4.39	0.286	0.561
4.55	0.282	0.554
4.71	0.279	0.548
4.88	0.276	0.541
5.04	0.272	0.536
5.21	0.269	0.53
5.39	0.266	0.524
5.57	0.263	0.519
5.75	0.261	0.514
5.93	0.258	0.509
6.12	0.256	0.504
6.31	0.253	0.5
6.49	0.251	0.496
6.67	0.249	0.493
6.82	0.249	0.491
6.95	0.249	0.491
7.07	0.25	0.493
7.17	0.252	0.497
7.25	0.254	0.503
7.31	0.258	0.511
7.37	0.263	0.52
7.42	0.269	0.531
7.45	0.275	0.545
7.47	0.283	0.56
7.48	0.292	0.579
7.48	0.303	0.6
7.48	0.316	0.625
7.46	0.33	0.654
7.44	0.346	0.686
7.42	0.364	0.721
7.41	0.384	0.759
7.41	0.405	0.801
7.43	0.426	0.843
7.48	0.448	0.886
7.56	0.47	0.929
7.65	0.489	0.968
7.77	0.507	1
7.9	0.523	1.04
8.05	0.537	1.06
8.21	0.55	1.09
8.38	0.561	1.11
8.57	0.571	1.14
8.76	0.579	1.15
8.97	0.587	1.17
9.18	0.593	1.18
9.39	0.598	1.2
9.62	0.603	1.21
9.83	0.607	1.22
10	0.61	1.23
10.2	0.613	1.23
10.4	0.615	1.24
10.6	0.617	1.25
10.8	0.619	1.25
10.9	0.62	1.25
11.1	0.622	1.26
11.2	0.622	1.26
11.4	0.623	1.27
11.5	0.624	1.27
11.7	0.625	1.27
11.8	0.626	1.27
11.9	0.626	1.28
12	0.626	1.28
12.2	0.627	1.28
12.3	0.628	1.28
12.4	0.628	1.28
12.5	0.628	1.29
12.6	0.629	1.29
12.7	0.629	1.29
12.8	0.629	1.29
12.9	0.629	1.29
13	0.629	1.29
13.1	0.63	1.29
13.2	0.63	1.29
13.3	0.63	1.3
13.4	0.63	1.3
13.5	0.63	1.3
13.6	0.63	1.3
13.7	0.63	1.3
13.7	0.63	1.3
13.8	0.63	1.3
13.9	0.63	1.3
14	0.63	1.3
14.1	0.63	1.3
14.2	0.63	1.3
14.2	0.63	1.3
14.3	0.63	1.31
14.4	0.63	1.31
14.5	0.63	1.31
14.6	0.63	1.31
14.6	0.63	1.31
14.7	0.63	1.31
14.8	0.629	1.31
14.9	0.629	1.31
14.9	0.629	1.31
15	0.629	1.31
15.1	0.629	1.31
15.1	0.629	1.31
15.2	0.629	1.31
15.3	0.629	1.31
15.4	0.628	1.31
15.4	0.629	1.31
15.5	0.628	1.31
15.6	0.628	1.31
15.6	0.628	1.31
15.7	0.628	1.31
15.8	0.627	1.31
15.8	0.627	1.31
15.9	0.627	1.31
16	0.627	1.32
16.1	0.627	1.32
16.1	0.627	1.32
16.2	0.627	1.32
16.3	0.626	1.31
16.4	0.626	1.31
16.4	0.626	1.32
16.5	0.626	1.32
16.6	0.626	1.32
16.7	0.625	1.32
16.8	0.625	1.32
16.8	0.625	1.32
16.9	0.625	1.32
17	0.625	1.32
17.1	0.625	1.32
17.1	0.625	1.32
17.2	0.624	1.32
17.3	0.624	1.32
17.4	0.624	1.32
17.4	0.624	1.32
17.5	0.624	1.32
17.6	0.623	1.32
17.6	0.623	1.32
17.7	0.623	1.32
17.8	0.623	1.32
17.8	0.623	1.32
17.9	0.623	1.32
18	0.623	1.32
18	0.622	1.32
18.1	0.622	1.32
18.2	0.622	1.32
18.2	0.622	1.32
18.3	0.622	1.32
18.3	0.622	1.32
18.4	0.622	1.32
18.5	0.621	1.32
18.5	0.621	1.32
18.6	0.621	1.32
18.6	0.621	1.32
18.7	0.621	1.32
18.7	0.621	1.32
18.8	0.621	1.32
18.8	0.62	1.32
18.9	0.62	1.32
18.9	0.62	1.32
19	0.62	1.32
19	0.62	1.32
19	0.619	1.32
19.1	0.619	1.32
19.1	0.619	1.32
19.1	0.619	1.32
19.2	0.618	1.32
19.2	0.618	1.32
19.2	0.618	1.32
19.2	0.625	1.34
19.3	0.619	1.32
19.3	0.617	1.32
19.3	0.616	1.32
19.4	0.616	1.32
19.5	0.616	1.32
19.6	0.616	1.32
19.7	0.616	1.32
19.7	0.616	1.32
19.8	0.615	1.32
19.9	0.615	1.32
20	0.615	1.32
20	0.614	1.32
20.1	0.614	1.32
20.2	0.614	1.32
20.3	0.614	1.32
20.3	0.613	1.32
20.4	0.613	1.32
20.5	0.613	1.32
20.5	0.613	1.32
20.6	0.612	1.32
20.7	0.612	1.32
20.8	0.612	1.32
20.8	0.611	1.32
20.9	0.611	1.32
21	0.611	1.32
21.1	0.611	1.32
21.1	0.61	1.32
21.2	0.61	1.32
21.3	0.61	1.32
21.3	0.609	1.32
21.4	0.609	1.32
21.5	0.609	1.32
21.5	0.609	1.32
21.6	0.608	1.32
21.7	0.608	1.32
21.8	0.608	1.32
21.8	0.608	1.32
21.9	0.608	1.32
22	0.607	1.32
22	0.607	1.32
22.1	0.607	1.32
22.2	0.607	1.32
22.2	0.606	1.32
22.3	0.606	1.32
22.4	0.606	1.31
22.5	0.605	1.31
22.5	0.605	1.31
22.6	0.605	1.31
22.7	0.605	1.31
22.7	0.605	1.32
22.8	0.604	1.31
22.9	0.604	1.31
22.9	0.604	1.31
23	0.603	1.31
23.1	0.603	1.31
23.1	0.603	1.31
23.2	0.603	1.31
23.3	0.602	1.31
23.3	0.602	1.31
23.4	0.602	1.31
23.5	0.602	1.31
23.5	0.602	1.31
23.6	0.601	1.31
23.7	0.601	1.31
23.7	0.601	1.31
23.8	0.6	1.31
23.9	0.6	1.31
23.9	0.6	1.31
24	0.6	1.31
24.1	0.6	1.31
24.1	0.6	1.31
24.2	0.599	1.31
24.3	0.599	1.31
24.3	0.599	1.31
24.4	0.599	1.31
24.5	0.598	1.31
24.5	0.598	1.31
24.6	0.598	1.31
24.6	0.598	1.31
24.7	0.598	1.31
24.8	0.597	1.31
24.8	0.597	1.31
24.9	0.597	1.31
25	0.597	1.31
25	0.596	1.31
25.1	0.596	1.31
25.2	0.596	1.31
25.2	0.596	1.31
25.3	0.596	1.31
25.3	0.595	1.31
25.4	0.595	1.31
25.5	0.595	1.31
25.5	0.595	1.31
25.6	0.595	1.31
25.7	0.595	1.31
25.7	0.594	1.31
25.8	0.594	1.31
25.9	0.594	1.31
25.9	0.594	1.31
26	0.594	1.31
26	0.593	1.31
26.1	0.593	1.31
26.2	0.593	1.31
26.2	0.593	1.31
26.3	0.592	1.31
26.3	0.592	1.31
26.4	0.592	1.31
26.5	0.592	1.31
26.5	0.592	1.31
26.6	0.592	1.31
26.6	0.591	1.31
26.7	0.591	1.31
26.8	0.591	1.31
26.8	0.591	1.31
26.9	0.591	1.31
26.9	0.591	1.31
27	0.591	1.31
27.1	0.59	1.31
27.1	0.59	1.31
27.2	0.59	1.31
27.2	0.59	1.31
27.3	0.59	1.31
27.4	0.59	1.31
27.4	0.589	1.31
27.5	0.589	1.31
27.5	0.589	1.31
27.6	0.589	1.31
27.6	0.589	1.31
27.7	0.589	1.31
27.7	0.589	1.31
27.8	0.588	1.31
27.8	0.589	1.31
27.9	0.588	1.31
28	0.588	1.31
28	0.588	1.31
28.1	0.588	1.31
28.1	0.588	1.31
28.2	0.588	1.31
28.2	0.588	1.31
28.3	0.588	1.31
28.3	0.588	1.31
28.3	0.588	1.31
28.4	0.588	1.31
28.4	0.588	1.31
28.5	0.588	1.31
28.5	0.588	1.31
28.6	0.588	1.31
28.6	0.588	1.31
28.7	0.588	1.31
28.7	0.588	1.31
28.7	0.588	1.32
28.8	0.588	1.32
28.8	0.588	1.32
28.8	0.588	1.32
28.9	0.588	1.32
28.9	0.588	1.32
28.9	0.588	1.32
28.9	0.588	1.32
28.9	0.589	1.32
29	0.589	1.32
29	0.589	1.32
29	0.589	1.32
29	0.589	1.32
29	0.589	1.32
29	0.589	1.32
29	0.589	1.32
29	0.589	1.32
29	0.59	1.32
28.9	0.59	1.32
28.9	0.59	1.32
28.9	0.59	1.32
28.9	0.59	1.32
28.8	0.59	1.32
28.8	0.59	1.32
28.7	0.591	1.32
28.7	0.591	1.32
28.6	0.591	1.32
28.5	0.591	1.32
28.4	0.591	1.32
28.4	0.591	1.32
28.3	0.591	1.32
28.2	0.591	1.32
28.1	0.591	1.32
28	0.591	1.32
27.9	0.591	1.32
27.7	0.59	1.32
27.6	0.59	1.32
27.5	0.597	1.34
27.4	0.591	1.32
27.3	0.589	1.31
27.3	0.589	1.31
27.3	0.589	1.31
27.4	0.589	1.32
27.5	0.589	1.32
27.6	0.589	1.32
27.6	0.589	1.32
27.7	0.589	1.32
27.8	0.588	1.32
27.8	0.588	1.32
27.9	0.588	1.32
28	0.588	1.32
28	0.587	1.32
28.1	0.587	1.32
28.1	0.587	1.32
28.2	0.587	1.32
28.3	0.587	1.32
28.3	0.587	1.32
28.4	0.587	1.32
28.4	0.586	1.32
28.5	0.586	1.32
28.6	0.586	1.32
28.6	0.586	1.32
28.7	0.585	1.31
28.7	0.585	1.32
28.8	0.585	1.32
28.9	0.585	1.32
28.9	0.585	1.32
29	0.584	1.32
29	0.584	1.31
29.1	0.584	1.32
29.2	0.584	1.32
29.2	0.584	1.31
29.3	0.583	1.31
29.3	0.583	1.31
29.4	0.583	1.31
29.4	0.583	1.31
29.5	0.583	1.31
29.5	0.582	1.31
29.6	0.582	1.31
29.7	0.582	1.31
29.7	0.582	1.31
29.8	0.582	1.31
29.8	0.581	1.31
29.9	0.582	1.31
29.9	0.581	1.31
30	0.581	1.31
30.1	0.581	1.31
30.1	0.581	1.31
30.2	0.581	1.31
30.2	0.58	1.31
30.3	0.58	1.31
30.3	0.58	1.31
30.4	0.58	1.31
30.4	0.58	1.31
30.5	0.579	1.31
30.5	0.579	1.31
30.6	0.579	1.31
30.7	0.579	1.31
30.7	0.579	1.31
30.8	0.578	1.31
30.8	0.578	1.31
30.9	0.578	1.31
30.9	0.578	1.31
31	0.578	1.31
31	0.578	1.31
31.1	0.577	1.31
31.1	0.577	1.31
31.2	0.577	1.31
31.3	0.577	1.31
31.3	0.577	1.31
31.4	0.577	1.31
31.4	0.576	1.31
31.5	0.576	1.31
31.5	0.576	1.31
31.6	0.576	1.31
31.6	0.575	1.31
31.7	0.575	1.31
31.7	0.575	1.31
31.8	0.575	1.31
31.9	0.575	1.31
31.9	0.575	1.31
32	0.574	1.31
32	0.574	1.31
32.1	0.574	1.31
32.1	0.574	1.31
32.2	0.574	1.31
32.2	0.574	1.31
32.3	0.573	1.31
32.3	0.573	1.31
32.4	0.573	1.31
32.4	0.573	1.31
32.5	0.573	1.31
32.5	0.572	1.31
32.6	0.572	1.31
32.6	0.572	1.31
32.7	0.572	1.31
32.8	0.572	1.31
32.8	0.571	1.31
32.9	0.571	1.31
32.9	0.571	1.31
33	0.571	1.31
33	0.571	1.31
33.1	0.571	1.31
33.1	0.571	1.31
33.2	0.57	1.31
33.2	0.57	1.31
33.3	0.57	1.31
33.3	0.57	1.31
33.4	0.57	1.31
33.4	0.57	1.31
33.5	0.569	1.31
33.5	0.569	1.31
33.6	0.569	1.31
33.6	0.569	1.31
33.7	0.569	1.31
33.7	0.568	1.31
33.8	0.568	1.31
33.8	0.568	1.31
33.9	0.568	1.31
34	0.568	1.31
34	0.568	1.31
34.1	0.567	1.31
34.1	0.567	1.31
34.2	0.567	1.31
34.2	0.567	1.31
34.3	0.567	1.31
34.3	0.566	1.31
34.4	0.567	1.31
34.4	0.566	1.31
34.5	0.566	1.31
34.5	0.566	1.31
34.6	0.566	1.31
34.6	0.566	1.31
34.7	0.565	1.3
34.7	0.565	1.31
34.8	0.565	1.31
34.8	0.565	1.3
34.9	0.565	1.31
34.9	0.564	1.3
35	0.565	1.31
35	0.564	1.31
35.1	0.564	1.3
35.1	0.564	1.3
35.2	0.564	1.3
35.2	0.564	1.3
35.3	0.563	1.3
35.3	0.563	1.3
35.4	0.563	1.3
35.4	0.563	1.3
35.5	0.563	1.3
35.5	0.563	1.3
35.6	0.562	1.3
35.6	0.562	1.3
35.7	0.562	1.3
35.7	0.562	1.3
35.8	0.562	1.3
35.8	0.562	1.3
35.9	0.562	1.3
35.9	0.561	1.3
36	0.561	1.3
36	0.561	1.3
36.1	0.561	1.3
36.1	0.561	1.3
36.2	0.561	1.3
36.2	0.561	1.3
36.3	0.56	1.3
36.3	0.56	1.3
36.4	0.56	1.3
36.4	0.56	1.3
36.5	0.56	1.3
36.5	0.56	1.3
36.6	0.559	1.3
36.6	0.559	1.3
36.7	0.559	1.3
36.7	0.559	1.3
36.8	0.559	1.3
36.8	0.559	1.3
36.9	0.559	1.3
36.9	0.559	1.3
37	0.558	1.3
37	0.558	1.3
37.1	0.558	1.3
37.1	0.558	1.3
37.2	0.558	1.3
37.2	0.557	1.3
37.3	0.557	1.3
37.3	0.557	1.3
37.4	0.557	1.3
37.4	0.557	1.3
37.5	0.556	1.3
37.5	0.556	1.3
37.6	0.556	1.3
37.6	0.556	1.3
37.7	0.556	1.3
37.7	0.556	1.3
37.8	0.556	1.3
37.8	0.556	1.3
37.9	0.555	1.3
37.9	0.555	1.3
38	0.555	1.3
38	0.555	1.3
38.1	0.555	1.3
38.1	0.555	1.3
38.2	0.555	1.3
38.2	0.555	1.3
38.3	0.554	1.3
38.3	0.554	1.3
38.4	0.554	1.3
38.4	0.554	1.3
38.5	0.554	1.3
38.5	0.553	1.3
38.6	0.553	1.3
38.6	0.553	1.3
38.7	0.553	1.3
38.7	0.553	1.3
38.8	0.553	1.3
38.8	0.553	1.3
38.8	0.553	1.3
38.9	0.552	1.3
38.9	0.552	1.3
39	0.552	1.3
39	0.552	1.3
39.1	0.552	1.3
39.1	0.551	1.3
39.2	0.552	1.3
39.2	0.551	1.3
39.3	0.551	1.3
39.3	0.551	1.3
39.4	0.551	1.3
39.4	0.551	1.3
39.5	0.551	1.3
39.5	0.55	1.3
39.6	0.55	1.3
39.6	0.55	1.3
39.7	0.55	1.3
39.7	0.55	1.3
39.8	0.55	1.3
39.8	0.55	1.3
39.9	0.55	1.3
39.9	0.549	1.3
40	0.549	1.3
40	0.549	1.3
40.1	0.549	1.3
40.1	0.549	1.3
40.2	0.549	1.3
40.2	0.549	1.3
40.2	0.548	1.3
40.3	0.548	1.3
40.3	0.548	1.3
40.4	0.548	1.3
40.4	0.548	1.3
40.5	0.548	1.3
40.5	0.548	1.3
40.6	0.547	1.3
40.6	0.547	1.3
40.7	0.547	1.3
40.7	0.547	1.3
40.8	0.547	1.3
40.8	0.546	1.3
40.9	0.546	1.3
40.9	0.546	1.3
41	0.546	1.3
41	0.546	1.3
41	0.546	1.3
41.1	0.546	1.3
41.1	0.546	1.3
41.2	0.546	1.3
41.2	0.546	1.3
41.3	0.545	1.3
41.3	0.545	1.3
41.4	0.545	1.3
41.4	0.545	1.29
41.5	0.545	1.3
41.5	0.545	1.3
41.6	0.544	1.29
41.6	0.544	1.29
41.7	0.544	1.29
41.7	0.544	1.29
41.8	0.544	1.29
41.8	0.544	1.29
41.9	0.544	1.29
41.9	0.544	1.29
42	0.543	1.29
42	0.543	1.29
42	0.543	1.29
42.1	0.543	1.29
42.1	0.543	1.29
42.2	0.543	1.29
42.2	0.543	1.29
42.3	0.543	1.29
42.3	0.542	1.29
42.4	0.542	1.29
42.4	0.542	1.29
42.5	0.542	1.29
42.5	0.542	1.29
42.6	0.542	1.29
42.6	0.542	1.29
42.7	0.541	1.29
42.7	0.541	1.29
42.7	0.541	1.29
42.8	0.541	1.29
42.8	0.541	1.29
42.9	0.541	1.29
42.9	0.541	1.29
43	0.541	1.29
43	0.541	1.29
43.1	0.54	1.29
43.1	0.54	1.29
43.2	0.54	1.29
43.2	0.54	1.29
43.2	0.54	1.29
43.3	0.54	1.29
43.3	0.539	1.29
43.4	0.539	1.29
43.4	0.539	1.29
43.5	0.539	1.29
43.5	0.539	1.29
43.6	0.539	1.29
43.6	0.539	1.29
43.7	0.539	1.29
43.7	0.538	1.29
43.8	0.538	1.29
43.8	0.538	1.29
43.8	0.538	1.29
43.9	0.538	1.29
43.9	0.538	1.29
44	0.538	1.29
44	0.537	1.29
44.1	0.537	1.29
44.1	0.537	1.29
44.2	0.537	1.29
44.2	0.537	1.29
44.3	0.537	1.29
44.3	0.537	1.29
44.3	0.537	1.29
44.4	0.537	1.29
44.4	0.536	1.29
44.5	0.536	1.29
44.5	0.536	1.29
44.6	0.536	1.29
44.6	0.536	1.29
44.7	0.536	1.29
44.7	0.536	1.29
44.8	0.536	1.29
44.8	0.535	1.29
44.9	0.535	1.29
44.9	0.535	1.29
44.9	0.535	1.29
45	0.535	1.29
45	0.535	1.29
45.1	0.535	1.29
45.1	0.535	1.29
45.2	0.534	1.29
45.2	0.534	1.29
45.3	0.534	1.29
45.3	0.534	1.29
45.3	0.534	1.29
45.4	0.534	1.29
45.4	0.534	1.29
45.5	0.534	1.29
45.5	0.533	1.29
45.6	0.533	1.29
45.6	0.533	1.29
45.7	0.533	1.29
45.7	0.533	1.29
45.8	0.533	1.29
45.8	0.533	1.29
45.8	0.532	1.29
45.9	0.533	1.29
45.9	0.532	1.29
46	0.532	1.29
46	0.532	1.29
46.1	0.532	1.29
46.1	0.532	1.29
46.1	0.532	1.29
46.2	0.531	1.29
46.2	0.531	1.29
46.3	0.531	1.29
46.3	0.531	1.29
46.4	0.531	1.29
46.4	0.531	1.29
46.5	0.531	1.29
46.5	0.531	1.29
46.5	0.531	1.29
46.6	0.53	1.29
46.6	0.53	1.29
46.7	0.53	1.29
46.7	0.53	1.29
46.8	0.53	1.29
46.8	0.53	1.29
46.9	0.53	1.29
46.9	0.529	1.29
46.9	0.53	1.29
47	0.529	1.29
47	0.529	1.29
47.1	0.529	1.29
47.1	0.529	1.29
47.2	0.529	1.29
47.2	0.529	1.29
47.2	0.528	1.29
47.3	0.529	1.29
47.3	0.528	1.29
47.4	0.528	1.29
47.4	0.528	1.29
47.4	0.528	1.29
47.5	0.528	1.29
47.5	0.528	1.29
47.5	0.527	1.29
47.5	0.527	1.29
47.4	0.527	1.28
47.4	0.527	1.28
47.4	0.527	1.28
47.4	0.527	1.28
47.4	0.527	1.28
47.4	0.528	1.29
47.4	0.528	1.29
47.4	0.53	1.29
47.4	0.533	1.3
47.4	0.535	1.31
47.4	0.537	1.31
47.4	0.538	1.32
47.4	0.539	1.32
47.4	0.54	1.32
47.4	0.54	1.32
47.4	0.541	1.33
47.4	0.542	1.33
47.4	0.543	1.33
47.4	0.544	1.33
47.4	0.544	1.34
47.4	0.545	1.34
47.4	0.545	1.34
47.4	0.546	1.34
47.4	0.547	1.34
47.4	0.547	1.35
47.4	0.548	1.35
47.4	0.548	1.35
47.4	0.549	1.35
47.4	0.549	1.35
47.4	0.55	1.35
47.4	0.55	1.35
47.4	0.55	1.35
47.4	0.55	1.35
47.4	0.549	1.35
47.4	0.548	1.34
47.4	0.547	1.34
47.4	0.545	1.33
47.4	0.542	1.31
47.3	0.537	1.29
47.3	0.532	1.27
47.2	0.526	1.25
47.1	0.519	1.22
46.9	0.513	1.2
46.7	0.506	1.17
46.4	0.5	1.15
46	0.494	1.12
45.6	0.488	1.1
45.1	0.483	1.08
44.6	0.478	1.06
44.1	0.473	1.04
43.5	0.468	1.02
42.9	0.463	1.01
42.2	0.459	0.99
41.5	0.455	0.976
40.8	0.451	0.96
40	0.447	0.945
39.3	0.443	0.931
38.5	0.439	0.916
37.7	0.436	0.903
36.9	0.433	0.892
36.1	0.429	0.88
35.3	0.427	0.869
34.6	0.423	0.857
33.8	0.42	0.846
33	0.417	0.836
32.3	0.414	0.825
31.6	0.411	0.816
30.8	0.408	0.806
30.1	0.405	0.797
29.5	0.402	0.787
28.8	0.399	0.779
28.1	0.396	0.77
27.5	0.393	0.761
26.9	0.39	0.752
26.3	0.388	0.745
25.8	0.385	0.737
25.2	0.382	0.728
24.7	0.379	0.722
24.2	0.376	0.713
23.7	0.373	0.705
23.2	0.37	0.697
22.7	0.367	0.688
22.2	0.363	0.68
21.8	0.36	0.671
21.3	0.356	0.663
20.9	0.353	0.654
20.4	0.349	0.645
20	0.345	0.636
19.6	0.341	0.627
19.2	0.337	0.618
18.8	0.333	0.609
18.4	0.328	0.599
18.1	0.324	0.59
17.7	0.319	0.58
17.4	0.314	0.57
17.1	0.31	0.56
16.8	0.304	0.55
16.5	0.299	0.539
16.2	0.294	0.529
16	0.288	0.518
15.7	0.283	0.507
15.5	0.277	0.496
15.3	0.271	0.485
15.1	0.264	0.473
14.9	0.258	0.462
14.7	0.252	0.451
14.6	0.245	0.441
14.5	0.242	0.439
14.4	0.248	0.458
14.4	0.255	0.48
14.3	0.259	0.491
14.3	0.256	0.486
14.2	0.25	0.473
14	0.242	0.457
13.7	0.236	0.444
13.4	0.234	0.438
13	0.232	0.434
12.8	0.229	0.43
12.7	0.225	0.425
12.8	0.215	0.408
12.9	0.203	0.385
12.8	0.194	0.37
12.8	0.187	0.356
12.8	0.179	0.342
12.7	0.172	0.331
12.6	0.167	0.321
12.5	0.162	0.313
12.3	0.159	0.308
12.1	0.158	0.305
11.9	0.157	0.304
11.6	0.157	0.305
11.3	0.159	0.31
10.9	0.163	0.318
10.7	0.172	0.335
10.7	0.177	0.345
10.9	0.18	0.349
11	0.181	0.351
11	0.186	0.361
11	0.192	0.373
11.1	0.197	0.382
11.2	0.197	0.382
11.3	0.192	0.373
11.3	0.189	0.366
11.4	0.186	0.36
11.5	0.183	0.354
11.5	0.181	0.349
11.6	0.178	0.344
11.6	0.175	0.339
11.7	0.172	0.333
11.8	0.17	0.328
11.9	0.167	0.323
11.9	0.165	0.318
12	0.162	0.313
12.1	0.16	0.308
12.1	0.157	0.303
12.2	0.155	0.298
12.3	0.153	0.293
12.3	0.15	0.289
12.4	0.148	0.284
12.5	0.146	0.28
12.5	0.144	0.276
12.6	0.142	0.272
12.7	0.14	0.268
12.7	0.138	0.265
12.8	0.136	0.261
12.9	0.135	0.257
13	0.133	0.254
13.1	0.132	0.252
13.2	0.13	0.249
13.3	0.129	0.247
13.4	0.129	0.245
13.5	0.128	0.245
13.6	0.129	0.245
13.8	0.13	0.248
13.9	0.133	0.252
14	0.136	0.258
14.1	0.14	0.266
14.2	0.145	0.275
14.2	0.151	0.286
14.3	0.158	0.299
14.4	0.165	0.312
14.4	0.173	0.327
14.5	0.182	0.343
14.6	0.191	0.36
14.7	0.201	0.379
14.9	0.211	0.397
15.1	0.221	0.415
15.3	0.231	0.434
15.6	0.238	0.448
15.6	0.225	0.421
15.4	0.217	0.407
15.2	0.21	0.395
15	0.204	0.384
14.9	0.201	0.377
15	0.203	0.381
15.2	0.207	0.388
15.3	0.21	0.395
15.5	0.213	0.4
15.6	0.216	0.406
15.8	0.22	0.412
15.9	0.223	0.419
16.1	0.227	0.426
16.3	0.233	0.437
16.6	0.24	0.45
16.9	0.248	0.467
17.2	0.257	0.485
17.6	0.266	0.504
18	0.276	0.523
18.4	0.285	0.542
18.8	0.293	0.559
19.2	0.301	0.577
19.7	0.309	0.594
20.2	0.316	0.61
20.6	0.323	0.627
21.2	0.33	0.642
21.7	0.337	0.658
22.3	0.343	0.672
22.8	0.349	0.687
23.4	0.355	0.703
24.1	0.36	0.716
24.7	0.365	0.729
25.4	0.37	0.741
26	0.374	0.754
26.7	0.378	0.764
27.4	0.382	0.775
28.1	0.385	0.786
28.9	0.388	0.795
29.6	0.391	0.804
30.4	0.394	0.814
31.2	0.396	0.822
32	0.399	0.832
32.9	0.401	0.838
33.7	0.402	0.845
34.6	0.403	0.851
35.6	0.404	0.856
36.6	0.405	0.86
37.6	0.404	0.862
38.6	0.404	0.864
39.6	0.402	0.862
40.6	0.4	0.859
41.6	0.397	0.854
42.6	0.394	0.848
43.5	0.39	0.839
44.5	0.385	0.827
45.5	0.38	0.816
46.6	0.376	0.806
47.7	0.372	0.797
48.9	0.368	0.792
49.9	0.366	0.789
50.9	0.365	0.788
51.9	0.364	0.788
52.7	0.364	0.792
53.5	0.363	0.794
54.3	0.363	0.796
55.1	0.363	0.8
55.8	0.363	0.802
56.5	0.364	0.807
57.2	0.364	0.81
57.8	0.364	0.812
58.5	0.364	0.816
59.1	0.364	0.819
59.7	0.365	0.824
60.2	0.365	0.827
60.8	0.366	0.83
61.3	0.366	0.834
61.9	0.366	0.837
62.4	0.367	0.84
62.9	0.367	0.843
63.4	0.368	0.847
63.8	0.368	0.851
64.3	0.369	0.855
64.7	0.369	0.857
65.2	0.369	0.858
65.6	0.369	0.861
66	0.37	0.867
66.4	0.37	0.868
66.9	0.371	0.872
67.3	0.371	0.875
67.7	0.371	0.877
68.1	0.371	0.88
68.4	0.372	0.882
68.9	0.372	0.885
69.2	0.372	0.887
69.5	0.373	0.891
69.9	0.372	0.891
70.3	0.373	0.894
70.6	0.373	0.896
70.9	0.373	0.898
71.2	0.374	0.901
71.5	0.374	0.903
71.9	0.374	0.904
72.2	0.374	0.906
72.4	0.374	0.909
72.8	0.375	0.912
73	0.375	0.913
73.3	0.375	0.913
73.6	0.375	0.915
73.9	0.375	0.918
74.2	0.375	0.92
74.4	0.375	0.921
74.7	0.376	0.923
75	0.376	0.926
75.2	0.376	0.925
75.4	0.376	0.928
75.6	0.376	0.928
75.8	0.376	0.929
76.1	0.376	0.932
76.4	0.376	0.933
76.9	0.377	0.937
77.4	0.377	0.941
78.1	0.377	0.945
78.7	0.378	0.949
79.1	0.378	0.952
79.5	0.378	0.953
79.5	0.378	0.952
78.7	0.377	0.944
76.2	0.373	0.922
73.5	0.369	0.893
72	0.363	0.863
71.5	0.358	0.84
71.1	0.354	0.818
70.7	0.348	0.795
70.2	0.344	0.78
69.6	0.342	0.773
68.8	0.341	0.771
68.1	0.343	0.777
67	0.346	0.79
65.7	0.353	0.814
64	0.364	0.852
62.5	0.377	0.896
61.2	0.392	0.942
60	0.406	0.988
59.1	0.42	1.03
58.4	0.435	1.08
58	0.448	1.13
58.5	0.459	1.17
59.9	0.465	1.2
62.4	0.466	1.22
65.7	0.463	1.22
69.7	0.456	1.22
73.6	0.448	1.21
77.1	0.439	1.19
79.4	0.429	1.16
80.5	0.418	1.11
80.3	0.408	1.07
79.3	0.399	1.03
78	0.392	0.993
76.6	0.386	0.964
75	0.38	0.937
73.4	0.376	0.914
71.6	0.372	0.894
69.7	0.369	0.881
67.7	0.37	0.875
66.6	0.371	0.877
67.9	0.371	0.884
70.3	0.373	0.897
72.6	0.374	0.912
75.1	0.376	0.928
77.5	0.378	0.945
80	0.379	0.961
82.5	0.381	0.979
84.8	0.382	0.993
86.8	0.383	1.01
88.4	0.384	1.02
89.8	0.385	1.03
91.1	0.386	1.04
92.3	0.386	1.05
93.4	0.387	1.05
94.4	0.387	1.06
95.3	0.388	1.07
96.2	0.389	1.08
97	0.389	1.08
97.7	0.389	1.09
98.5	0.39	1.09
99.1	0.39	1.1
99.7	0.391	1.11
100	0.391	1.11
101	0.391	1.11
101	0.391	1.12
102	0.392	1.12
102	0.392	1.13
103	0.392	1.13
103	0.392	1.13
104	0.393	1.14
104	0.393	1.14
105	0.393	1.14
105	0.393	1.15
105	0.394	1.15
106	0.394	1.15
106	0.394	1.16
106	0.394	1.16
106	0.394	1.16
107	0.394	1.16
107	0.394	1.17
107	0.395	1.17
108	0.395	1.17
108	0.395	1.17
108	0.395	1.17
108	0.395	1.18
109	0.395	1.18
109	0.395	1.18
109	0.395	1.18
109	0.395	1.18
109	0.396	1.19
109	0.395	1.19
110	0.396	1.19
110	0.396	1.19
110	0.395	1.19
110	0.396	1.19
110	0.396	1.19
110	0.396	1.19
110	0.396	1.2
110	0.396	1.2
111	0.396	1.2
111	0.396	1.2
111	0.396	1.2
111	0.396	1.2
111	0.396	1.2
111	0.396	1.2
111	0.395	1.19
110	0.395	1.19
110	0.395	1.19
110	0.395	1.19
109	0.394	1.18
108	0.392	1.16
108	0.39	1.14
108	0.395	1.16
108	0.398	1.17
108	0.403	1.19
108	0.408	1.21
108	0.413	1.24
108	0.417	1.25
108	0.419	1.27
108	0.422	1.28
108	0.424	1.28
108	0.425	1.29
108	0.425	1.29
108	0.425	1.28
108	0.424	1.27
108	0.422	1.25
108	0.419	1.23
108	0.415	1.21
107	0.412	1.19
107	0.408	1.17
106	0.404	1.14
106	0.401	1.12
105	0.399	1.11
103	0.397	1.1
102	0.397	1.1
99.8	0.399	1.1
97.5	0.402	1.11
94.8	0.409	1.14
91.9	0.418	1.18
89.2	0.431	1.23
86.9	0.445	1.29
84.8	0.459	1.35
83.1	0.473	1.4
81.7	0.488	1.47
80.6	0.503	1.53
80.2	0.515	1.59
81.4	0.522	1.65
84.1	0.526	1.7
88	0.527	1.76
92.8	0.527	1.82
98.3	0.527	1.9
105	0.527	1.98
111	0.526	2.09
119	0.525	2.21
127	0.525	2.36
135	0.525	2.54
143	0.525	2.75
151	0.525	2.98
158	0.524	3.2
162	0.523	3.32
