3.03	0.452	0.755
2.92	0.445	0.748
3.46	0.404	0.718
3.65	0.396	0.733
3.89	0.386	0.719
4.14	0.376	0.718
4.31	0.371	0.71
4.47	0.366	0.703
4.64	0.36	0.696
4.82	0.355	0.689
5.01	0.351	0.681
5.21	0.346	0.673
5.41	0.341	0.666
5.63	0.337	0.658
5.86	0.333	0.651
6.09	0.329	0.643
6.34	0.325	0.636
6.61	0.32	0.629
6.88	0.316	0.622
7.17	0.312	0.614
7.48	0.308	0.607
7.8	0.301	0.595
8.14	0.297	0.587
8.5	0.293	0.579
8.88	0.289	0.571
9.28	0.285	0.564
9.7	0.281	0.556
10.2	0.277	0.548
10.6	0.273	0.54
11.1	0.269	0.533
11.6	0.265	0.525
12.2	0.261	0.518
12.8	0.257	0.511
13.4	0.254	0.503
14	0.25	0.496
14.6	0.247	0.49
15.3	0.244	0.484
16	0.241	0.477
16.7	0.238	0.472
17.3	0.235	0.466
18	0.232	0.461
18.7	0.23	0.456
19.5	0.227	0.451
20.2	0.225	0.446
20.9	0.222	0.441
21.7	0.22	0.437
22.5	0.218	0.432
23.2	0.216	0.428
23.9	0.215	0.425
24.6	0.214	0.424
25.1	0.216	0.426
25.4	0.218	0.43
25.7	0.221	0.438
25.9	0.227	0.448
26	0.234	0.462
26	0.243	0.479
26	0.253	0.499
26	0.265	0.522
26	0.278	0.546
26	0.292	0.573
26.1	0.306	0.6
26.4	0.32	0.626
26.8	0.333	0.651
27.4	0.345	0.673
28.1	0.355	0.69
28.9	0.362	0.702
29.9	0.367	0.711
30.9	0.37	0.716
32	0.373	0.722
33.1	0.374	0.723
34.2	0.375	0.724
34.8	0.376	0.725
35.2	0.375	0.723
35.9	0.374	0.721
35.7	0.37	0.713
35.4	0.366	0.706
35	0.363	0.699
34.7	0.358	0.689
34.4	0.359	0.694
34.2	0.351	0.676
34	0.347	0.668
33.8	0.343	0.661
33.6	0.339	0.652
33.4	0.334	0.643
33.3	0.33	0.636
33.1	0.324	0.623
33	0.318	0.612
32.9	0.312	0.601
32.8	0.306	0.589
32.7	0.299	0.576
32.6	0.294	0.565
32.6	0.292	0.562
32.5	0.285	0.548
32.4	0.277	0.533
32.4	0.268	0.517
32.4	0.259	0.5
32.4	0.249	0.481
32.4	0.239	0.463
32.5	0.227	0.441
32.6	0.216	0.42
32.6	0.205	0.399
32.7	0.196	0.382
32.6	0.187	0.366
32.5	0.181	0.353
32.3	0.175	0.343
32	0.171	0.336
31.6	0.168	0.33
31.1	0.167	0.328
30.5	0.166	0.327
29.8	0.167	0.328
29.1	0.168	0.33
28.2	0.169	0.333
27.4	0.171	0.337
26.6	0.173	0.34
25.8	0.174	0.344
25.1	0.176	0.348
24.3	0.178	0.351
23.6	0.18	0.355
22.9	0.182	0.358
22.2	0.183	0.362
21.6	0.185	0.365
20.9	0.187	0.368
20.3	0.188	0.372
19.7	0.19	0.375
19.1	0.192	0.379
18.5	0.193	0.382
18	0.194	0.384
17.5	0.196	0.387
17.1	0.197	0.388
16.7	0.198	0.391
16.3	0.199	0.393
15.9	0.2	0.395
15.5	0.201	0.397
15.2	0.202	0.398
15	0.202	0.399
14.7	0.203	0.401
14.5	0.204	0.402
14.2	0.204	0.403
14	0.205	0.404
13.8	0.205	0.404
13.8	0.205	0.405
13.7	0.205	0.405
13.6	0.205	0.405
13.5	0.206	0.406
13.4	0.206	0.406
13.4	0.206	0.406
13.3	0.206	0.406
13.2	0.206	0.406
13.2	0.206	0.406
13.2	0.206	0.406
13.1	0.206	0.407
13.1	0.206	0.407
13	0.206	0.406
13	0.206	0.407
12.9	0.206	0.407
12.8	0.207	0.407
12.8	0.207	0.407
12.7	0.207	0.407
12.6	0.207	0.408
12.6	0.207	0.408
12.5	0.207	0.407
12.5	0.207	0.408
12.4	0.207	0.408
12.4	0.207	0.408
12.3	0.207	0.408
12.2	0.207	0.408
12.2	0.207	0.408
12.2	0.207	0.408
12.2	0.207	0.408
12.2	0.207	0.408
12.1	0.207	0.408
12.1	0.207	0.408
12.1	0.207	0.407
12.1	0.207	0.408
12	0.207	0.407
12	0.206	0.406
11.9	0.206	0.406
11.9	0.206	0.406
11.9	0.206	0.406
11.9	0.206	0.406
11.9	0.206	0.406
11.9	0.206	0.406
11.9	0.206	0.406
11.9	0.206	0.406
11.9	0.206	0.406
11.9	0.206	0.405
11.8	0.206	0.405
11.8	0.206	0.405
11.8	0.206	0.405
11.8	0.206	0.405
11.8	0.206	0.405
11.8	0.206	0.405
11.8	0.206	0.405
11.8	0.206	0.404
11.8	0.206	0.404
11.8	0.205	0.404
11.8	0.205	0.404
11.8	0.205	0.403
11.8	0.205	0.403
11.8	0.205	0.403
11.8	0.205	0.403
11.8	0.205	0.403
11.8	0.205	0.403
11.8	0.205	0.403
11.8	0.205	0.403
11.8	0.205	0.403
11.8	0.205	0.403
11.8	0.205	0.403
11.8	0.205	0.402
11.7	0.205	0.402
11.5	0.207	0.406
11.4	0.207	0.406
11.4	0.206	0.405
11.3	0.205	0.403
11.3	0.205	0.402
11.2	0.204	0.4
11.2	0.203	0.398
11.2	0.202	0.396
11.3	0.201	0.393
11.4	0.199	0.39
11.6	0.197	0.386
11.8	0.194	0.381
12.1	0.191	0.375
12.6	0.187	0.367
13.3	0.182	0.357
14.1	0.177	0.348
14.9	0.172	0.339
15.8	0.168	0.33
16.8	0.163	0.321
17.8	0.159	0.313
19	0.155	0.305
20.1	0.151	0.297
21.3	0.148	0.291
22.5	0.144	0.284
23.3	0.142	0.281
23.8	0.141	0.278
24.9	0.139	0.274
26	0.137	0.269
27.2	0.134	0.263
28.5	0.13	0.255
29.6	0.125	0.246
30.2	0.121	0.237
29.5	0.12	0.236
28.1	0.123	0.24
26.8	0.125	0.246
25.5	0.128	0.252
24.3	0.132	0.258
23.1	0.135	0.265
21.9	0.139	0.273
20.8	0.143	0.281
19.6	0.147	0.289
18.6	0.152	0.298
17.6	0.156	0.307
16.8	0.161	0.315
16	0.165	0.323
15.4	0.168	0.33
15.1	0.17	0.333
15.7	0.167	0.328
16.7	0.164	0.322
17.7	0.16	0.315
18.9	0.157	0.308
20.1	0.153	0.302
21.4	0.15	0.295
22.7	0.147	0.29
24	0.144	0.284
25.4	0.142	0.28
26.7	0.14	0.275
28	0.137	0.271
29.4	0.135	0.267
30.8	0.134	0.264
32.2	0.132	0.26
33.6	0.13	0.257
35	0.129	0.254
36.3	0.128	0.252
37.5	0.127	0.252
38.4	0.128	0.254
39.1	0.13	0.258
39.5	0.134	0.265
39.7	0.139	0.275
39.8	0.146	0.289
39.7	0.154	0.306
39.5	0.164	0.326
39.3	0.176	0.349
39.1	0.189	0.375
39	0.203	0.404
39.1	0.219	0.434
39.4	0.235	0.467
39.9	0.251	0.498
40.8	0.265	0.529
41.8	0.278	0.555
43	0.289	0.577
44.5	0.298	0.595
46	0.306	0.612
47.6	0.312	0.624
49.3	0.317	0.635
50.9	0.322	0.645
52.4	0.325	0.653
53.6	0.328	0.659
54.5	0.332	0.669
55.5	0.339	0.685
56.6	0.347	0.705
57.7	0.356	0.727
58.9	0.363	0.746
60.1	0.371	0.766
61.4	0.377	0.783
62.7	0.386	0.806
64.1	0.392	0.825
65.6	0.401	0.85
67.1	0.407	0.869
68.6	0.413	0.888
70.3	0.42	0.91
71.9	0.427	0.932
73.6	0.433	0.952
75.3	0.439	0.973
77.1	0.444	0.992
79	0.449	1.01
80.8	0.454	1.03
82.8	0.459	1.05
84.8	0.465	1.07
86.8	0.469	1.09
88.9	0.474	1.11
91	0.478	1.13
93.2	0.481	1.15
95.4	0.486	1.17
97.6	0.489	1.19
100	0.494	1.21
102	0.498	1.24
105	0.501	1.25
107	0.505	1.28
110	0.508	1.3
112	0.508	1.31
115	0.499	1.27
117	0.504	1.3
120	0.509	1.33
123	0.514	1.36
125	0.519	1.4
128	0.523	1.43
131	0.528	1.47
134	0.533	1.5
136	0.537	1.54
139	0.542	1.58
142	0.547	1.62
145	0.551	1.66
148	0.555	1.7
150	0.56	1.74
153	0.564	1.79
156	0.568	1.83
159	0.572	1.88
162	0.576	1.92
164	0.58	1.97
167	0.585	2.03
170	0.588	2.08
172	0.592	2.13
175	0.622	2.38
178	0.622	2.41
180	0.622	2.45
183	0.623	2.48
185	0.623	2.51
187	0.624	2.55
190	0.625	2.58
192	0.625	2.62
194	0.626	2.65
196	0.627	2.68
198	0.628	2.72
199	0.629	2.75
200	0.63	2.78
201	0.632	2.8
202	0.633	2.82
202	0.633	2.84
203	0.634	2.86
203	0.635	2.87
204	0.636	2.9
205	0.636	2.91
205	0.637	2.93
206	0.638	2.96
207	0.639	2.97
207	0.639	2.99
208	0.64	3.01
209	0.641	3.04
209	0.641	3.05
210	0.642	3.08
211	0.642	3.1
212	0.643	3.12
213	0.644	3.15
214	0.644	3.17
214	0.644	3.19
215	0.645	3.22
216	0.646	3.24
217	0.646	3.26
218	0.647	3.29
219	0.647	3.32
220	0.648	3.35
221	0.648	3.38
222	0.648	3.41
223	0.649	3.44
224	0.649	3.47
225	0.65	3.51
227	0.65	3.54
228	0.65	3.58
229	0.651	3.62
230	0.651	3.65
232	0.652	3.69
233	0.652	3.73
234	0.652	3.77
236	0.653	3.81
237	0.653	3.86
239	0.654	3.92
240	0.654	3.97
242	0.654	4.03
243	0.655	4.09
245	0.655	4.14
247	0.655	4.2
248	0.655	4.27
250	0.656	4.33
252	0.656	4.4
254	0.657	4.49
256	0.657	4.57
258	0.657	4.66
260	0.657	4.74
262	0.658	4.85
264	0.658	4.94
266	0.658	5.05
268	0.658	5.15
270	0.659	5.25
272	0.659	5.36
274	0.659	5.47
276	0.659	5.58
277	0.659	5.69
279	0.659	5.8
281	0.659	5.91
282	0.659	6.02
284	0.659	6.13
286	0.659	6.24
287	0.659	6.35
289	0.659	6.46
290	0.659	6.57
291	0.659	6.67
293	0.659	6.78
294	0.658	6.88
295	0.658	6.98
296	0.658	7.08
297	0.657	7.17
298	0.657	7.26
299	0.657	7.34
300	0.656	7.42
301	0.656	7.49
302	0.655	7.56
303	0.655	7.62
303	0.654	7.67
304	0.654	7.7
305	0.653	7.73
305	0.652	7.75
305	0.651	7.75
306	0.65	7.74
306	0.649	7.71
306	0.648	7.67
