19.2	0.271	0.479
19.3	0.274	0.477
19.4	0.273	0.475
19.5	0.272	0.474
19.5	0.271	0.473
19.7	0.27	0.471
19.8	0.269	0.47
19.9	0.268	0.469
20	0.267	0.467
20.1	0.267	0.464
20.2	0.264	0.463
20.3	0.262	0.462
20.4	0.258	0.459
20.6	0.256	0.459
20.7	0.252	0.456
20.8	0.25	0.457
20.9	0.255	0.454
21.1	0.254	0.453
21.2	0.252	0.451
21.3	0.251	0.449
21.5	0.255	0.448
21.6	0.251	0.445
21.8	0.246	0.442
21.9	0.242	0.439
22.1	0.24	0.438
22.2	0.237	0.436
22.3	0.234	0.435
22.5	0.238	0.433
22.6	0.236	0.431
22.9	0.239	0.429
23.1	0.233	0.424
23.2	0.231	0.423
23.4	0.227	0.419
23.5	0.222	0.415
23.6	0.219	0.414
23.7	0.216	0.41
23.8	0.214	0.407
23.8	0.213	0.405
23.8	0.211	0.402
23.7	0.209	0.4
23.5	0.207	0.397
23.2	0.206	0.395
22.9	0.204	0.393
22.5	0.203	0.391
22.1	0.201	0.388
21.8	0.198	0.385
21.4	0.196	0.381
21.1	0.194	0.378
20.9	0.191	0.375
20.6	0.189	0.371
20.4	0.187	0.368
20.2	0.185	0.366
20	0.183	0.364
19.8	0.181	0.362
19.7	0.183	0.363
19.7	0.174	0.361
20.1	0.173	0.371
20.5	0.171	0.373
21.2	0.167	0.369
21.8	0.163	0.365
22.5	0.159	0.359
23.3	0.154	0.353
24.1	0.15	0.347
24.9	0.146	0.341
25.8	0.142	0.335
26.7	0.138	0.33
27.6	0.135	0.324
28.5	0.131	0.319
29.5	0.128	0.313
30.5	0.124	0.308
31.6	0.121	0.302
32.8	0.118	0.296
34	0.115	0.29
35.3	0.111	0.283
36.6	0.108	0.277
38	0.105	0.271
39.5	0.102	0.264
41	0.0986	0.258
42.6	0.0956	0.251
44.3	0.0926	0.245
46.1	0.0897	0.238
48	0.0867	0.232
50	0.0839	0.225
52.1	0.0811	0.219
54.3	0.0784	0.212
56.6	0.0757	0.206
59.1	0.0731	0.2
61.7	0.0705	0.194
64.4	0.068	0.188
67.3	0.0655	0.181
70.4	0.0631	0.175
73.7	0.0607	0.169
77.2	0.0583	0.163
80.9	0.056	0.158
84.9	0.0538	0.152
89.1	0.0516	0.146
93.6	0.0494	0.14
98.4	0.0473	0.135
100	0.0465	0.133
104	0.0453	0.129
109	0.0433	0.124
115	0.0413	0.119
121	0.0394	0.114
128	0.0376	0.109
135	0.0358	0.104
142	0.0341	0.0989
151	0.0324	0.0942
159	0.0308	0.0897
169	0.0292	0.0853
179	0.0277	0.081
190	0.0262	0.0769
202	0.0248	0.0729
214	0.0235	0.069
228	0.0221	0.0653
242	0.0209	0.0617
258	0.0197	0.0583
275	0.0186	0.055
292	0.0175	0.0519
311	0.0165	0.0489
332	0.0155	0.0461
354	0.0146	0.0434
377	0.0138	0.0409
402	0.0129	0.0385
428	0.0122	0.0362
455	0.0115	0.0342
480	0.0109	0.0325
504	0.0104	0.0311
526	0.01	0.0298
548	0.00962	0.0287
569	0.00928	0.0277
590	0.00897	0.0268
610	0.00868	0.0259
631	0.00841	0.0251
651	0.00816	0.0244
670	0.00794	0.0237
689	0.00773	0.0231
706	0.00755	0.0226
724	0.00737	0.022
741	0.0072	0.0215
758	0.00705	0.0211
775	0.00691	0.0207
791	0.00677	0.0203
806	0.00665	0.0199
822	0.00653	0.0195
837	0.00641	0.0192
852	0.0063	0.0189
868	0.0062	0.0186
883	0.0061	0.0183
897	0.006	0.018
912	0.00591	0.0177
926	0.00582	0.0174
940	0.00574	0.0172
954	0.00566	0.0169
968	0.00558	0.0167
982	0.00551	0.0165
995	0.00544	0.0163
1010	0.00537	0.0161
1020	0.00531	0.0159
1030	0.00525	0.0157
1050	0.00519	0.0155
1060	0.00513	0.0154
1070	0.00508	0.0152
1080	0.00503	0.0151
1090	0.00498	0.0149
1100	0.00493	0.0148
1110	0.00489	0.0146
1120	0.00485	0.0145
1130	0.00481	0.0144
1140	0.00477	0.0143
1150	0.00473	0.0142
1160	0.0047	0.0141
1170	0.00466	0.014
1180	0.00463	0.0139
1190	0.0046	0.0138
1200	0.00457	0.0137
1210	0.00455	0.0136
1210	0.00452	0.0136
1220	0.0045	0.0135
1230	0.00447	0.0134
1240	0.00445	0.0133
1240	0.00443	0.0133
1250	0.00441	0.0132
1250	0.00439	0.0132
1260	0.00437	0.0131
1270	0.00436	0.0131
1270	0.00434	0.013
1280	0.00432	0.013
1280	0.00431	0.0129
1290	0.00429	0.0129
1290	0.00428	0.0128
1300	0.00427	0.0128
1300	0.00425	0.0127
1310	0.00424	0.0127
1310	0.00423	0.0127
1320	0.00422	0.0126
1320	0.00421	0.0126
1330	0.0042	0.0126
1330	0.00418	0.0125
1330	0.00417	0.0125
1340	0.00417	0.0125
1340	0.00416	0.0125
1350	0.00415	0.0124
1350	0.00414	0.0124
1350	0.00413	0.0124
1360	0.00412	0.0123
1360	0.00411	0.0123
1360	0.00411	0.0123
1370	0.0041	0.0123
1370	0.00409	0.0123
1370	0.00409	0.0122
1380	0.00408	0.0122
1380	0.00408	0.0122
1380	0.00407	0.0122
1380	0.00407	0.0122
1390	0.00406	0.0122
1390	0.00406	0.0121
1390	0.00405	0.0121
1400	0.00405	0.0121
1400	0.00404	0.0121
1400	0.00404	0.0121
1400	0.00403	0.0121
1410	0.00402	0.012
1410	0.00402	0.012
1410	0.00401	0.012
1420	0.00401	0.012
1420	0.004	0.012
1420	0.004	0.012
1420	0.004	0.012
1420	0.004	0.0119
1420	0.004	0.0119
1430	0.00399	0.0119
1420	0.004	0.0119
1430	0.004	0.0119
1430	0.00399	0.0119
1430	0.00399	0.0119
1430	0.00398	0.0119
1440	0.00398	0.0119
1440	0.00397	0.0119
1440	0.00397	0.0118
1440	0.00397	0.0118
1450	0.00396	0.0118
1450	0.00396	0.0118
1450	0.00396	0.0118
1450	0.00395	0.0118
1450	0.00395	0.0118
1460	0.00394	0.0117
1460	0.00394	0.0117
1460	0.00394	0.0117
1460	0.00393	0.0117
1470	0.00393	0.0117
1470	0.00393	0.0117
1470	0.00392	0.0117
1470	0.00392	0.0117
1470	0.00391	0.0116
1480	0.00391	0.0116
1480	0.0039	0.0116
1480	0.0039	0.0116
1480	0.0039	0.0116
1480	0.00389	0.0116
1490	0.00389	0.0115
1490	0.00388	0.0115
1490	0.00388	0.0115
1490	0.00387	0.0115
1500	0.00387	0.0115
1500	0.00386	0.0115
1500	0.00386	0.0114
1500	0.00385	0.0114
1500	0.00385	0.0114
1510	0.00384	0.0114
1510	0.00384	0.0114
1510	0.00383	0.0113
1510	0.00382	0.0113
1510	0.00382	0.0113
1510	0.00381	0.0113
1520	0.0038	0.0113
1520	0.0038	0.0112
1520	0.00379	0.0112
1520	0.00378	0.0112
1520	0.00378	0.0112
1520	0.00377	0.0111
1520	0.00376	0.0111
1520	0.00375	0.0111
1520	0.00374	0.011
1520	0.00373	0.011
1520	0.00372	0.011
1530	0.00371	0.011
1530	0.0037	0.0109
1530	0.0037	0.0109
1530	0.00369	0.0109
1530	0.00368	0.0108
1530	0.00371	0.0109
1530	0.0037	0.0108
1530	0.00369	0.0108

