9.31	0.437	0.769
9.44	0.434	0.766
9.57	0.431	0.763
9.7	0.427	0.76
9.83	0.424	0.757
9.96	0.42	0.754
10	0.417	0.75
10	0.413	0.747
9.89	0.41	0.745
9.71	0.409	0.744
9.52	0.407	0.743
9.36	0.406	0.742
9.21	0.404	0.74
9.07	0.402	0.738
8.95	0.4	0.736
8.85	0.397	0.734
8.76	0.394	0.732
8.71	0.391	0.733
8.69	0.39	0.73
8.7	0.381	0.752
8.71	0.38	0.771
8.77	0.382	0.773
8.87	0.384	0.773
8.94	0.384	0.822
9.05	0.386	0.828
9.13	0.39	0.844
9.25	0.386	0.837
9.42	0.381	0.835
9.42	0.383	0.851
9.51	0.384	0.868
9.69	0.382	0.871
9.91	0.379	0.87
10	0.377	0.868
10.1	0.375	0.866
10.4	0.37	0.861
10.6	0.366	0.856
10.9	0.362	0.851
11.1	0.358	0.846
11.4	0.354	0.841
11.7	0.35	0.837
11.9	0.347	0.833
12.2	0.343	0.829
12.5	0.34	0.825
12.7	0.336	0.821
13	0.333	0.817
13.3	0.33	0.814
13.6	0.328	0.81
13.9	0.325	0.806
14.2	0.322	0.803
14.5	0.319	0.8
14.8	0.317	0.796
15.1	0.314	0.793
15.4	0.312	0.79
15.7	0.31	0.786
16	0.308	0.784
16.2	0.306	0.781
16.5	0.304	0.778
16.8	0.302	0.773
17	0.3	0.769
17.3	0.298	0.765
17.8	0.293	0.756
18.2	0.289	0.747
18.7	0.285	0.737
18.8	0.283	0.733
19	0.281	0.728
19.4	0.277	0.719
19.8	0.272	0.708
20.2	0.268	0.696
20.6	0.263	0.684
21.1	0.258	0.672
21.6	0.253	0.66
22	0.248	0.648
22.5	0.244	0.637
22.9	0.24	0.628
23.3	0.237	0.618
23.7	0.233	0.608
24.2	0.229	0.598
24.6	0.225	0.588
25.1	0.221	0.578
25.6	0.217	0.568
26.2	0.214	0.558
26.7	0.21	0.548
27.3	0.206	0.538
27.8	0.202	0.529
28.4	0.199	0.519
29.1	0.195	0.509
29.7	0.191	0.499
30.4	0.188	0.489
31.1	0.184	0.48
31.8	0.18	0.47
32.6	0.177	0.46
33.4	0.173	0.451
34.2	0.17	0.441
35.1	0.166	0.432
35.3	0.165	0.43
36	0.163	0.423
36.9	0.159	0.414
37.9	0.156	0.405
38.9	0.153	0.396
39.9	0.149	0.387
41	0.146	0.379
42.1	0.142	0.37
43.3	0.139	0.361
44.5	0.136	0.353
45.8	0.133	0.344
47.1	0.13	0.336
48.6	0.126	0.328
50	0.124	0.32
51.6	0.121	0.312
53.2	0.118	0.304
55	0.115	0.296
56.8	0.112	0.288
58.7	0.109	0.28
60.8	0.106	0.273
62.9	0.103	0.265
65.1	0.1	0.258
67.5	0.0975	0.251
69.9	0.0949	0.244
72.5	0.0921	0.236
75.1	0.0897	0.23
77.8	0.0871	0.223
80.7	0.0847	0.217
83.6	0.0823	0.21
86.7	0.0798	0.204
90	0.0776	0.198
93.4	0.0752	0.192
97.1	0.0729	0.186
101	0.0707	0.18
105	0.0685	0.174
109	0.0664	0.169
114	0.0643	0.164
118	0.0623	0.158
123	0.0604	0.153
127	0.0584	0.148
132	0.0566	0.144
137	0.0549	0.139
142	0.0532	0.135
148	0.0515	0.131
154	0.0499	0.126
160	0.0482	0.122
166	0.0466	0.118
173	0.045	0.114
180	0.0437	0.11
187	0.0421	0.106
195	0.0406	0.103
203	0.0392	0.0989
211	0.038	0.0958
219	0.0367	0.0925
229	0.0354	0.0893
237	0.0343	0.0864
244	0.0332	0.0832
242	0.0329	0.0824
229	0.0346	0.0868
216	0.0363	0.091
213	0.0368	0.0925
223	0.0355	0.0891
233	0.0341	0.0857
243	0.033	0.0827
254	0.0318	0.0798
264	0.0307	0.0769
275	0.0297	0.0744
286	0.0287	0.0719
296	0.0278	0.0696
307	0.027	0.0675
317	0.0262	0.0656
328	0.0255	0.0636
339	0.0247	0.0617
349	0.0241	0.0601
359	0.0235	0.0586
369	0.0229	0.0572
379	0.0224	0.056
390	0.0219	0.0546
400	0.0214	0.0533
411	0.0209	0.0521
422	0.0204	0.0509
432	0.02	0.0497
443	0.0196	0.0486
455	0.0191	0.0473
467	0.0186	0.0462
479	0.0182	0.0451
491	0.0178	0.0441
502	0.0174	0.0431
514	0.017	0.0422
525	0.0167	0.0415
536	0.0164	0.0407
548	0.0162	0.04
559	0.0159	0.0393
570	0.0157	0.0387
580	0.0154	0.0382
590	0.0152	0.0376
599	0.0151	0.0372
607	0.0149	0.0369
614	0.0148	0.0366
621	0.0147	0.0363
627	0.0147	0.0361
632	0.0147	0.036
637	0.0146	0.0359
641	0.0146	0.0359
645	0.0146	0.0358
648	0.0146	0.0358
651	0.0147	0.0358
654	0.0147	0.0359
656	0.0148	0.036
659	0.0148	0.0361
661	0.0149	0.0362
663	0.015	0.0364
665	0.0151	0.0365
667	0.0152	0.0367
669	0.0153	0.0368
671	0.0154	0.037
673	0.0155	0.0372
675	0.0156	0.0373
677	0.0157	0.0375
680	0.0158	0.0376
682	0.0159	0.0377
685	0.016	0.0378
687	0.0161	0.0379
690	0.0161	0.038
693	0.0162	0.0381
697	0.0163	0.0382
700	0.0164	0.0383
703	0.0165	0.0384
706	0.0165	0.0385
709	0.0166	0.0386
711	0.0167	0.0388
713	0.0169	0.039
715	0.017	0.0392
716	0.0171	0.0394
717	0.0172	0.0396
719	0.0173	0.0398
720	0.0174	0.04
722	0.0175	0.0401
724	0.0174	0.0398
723	0.0173	0.0396
724	0.0174	0.0399
726	0.0176	0.0402
727	0.0178	0.0406
728	0.0179	0.0408
730	0.018	0.0411
731	0.0182	0.0414
733	0.0183	0.0417
734	0.0184	0.042
735	0.0185	0.0423
737	0.0187	0.0427
739	0.0189	0.0431
740	0.019	0.0434
742	0.0192	0.0438
743	0.0194	0.0443
745	0.0195	0.0448
745	0.0196	0.045
747	0.0198	0.0454
748	0.02	0.0459
750	0.0201	0.0463
751	0.0204	0.0471
753	0.0206	0.0476
754	0.0208	0.0482
755	0.0211	0.0488
757	0.0213	0.0495
758	0.0216	0.0502
759	0.0219	0.051
760	0.0221	0.0519
761	0.0224	0.0528
761	0.0228	0.0537
762	0.023	0.0544
762	0.0232	0.0552
763	0.0236	0.0562
763	0.024	0.0575
763	0.0243	0.0585
764	0.0247	0.0597
764	0.0252	0.0609
766	0.0256	0.0619
767	0.026	0.0629
769	0.0265	0.0639
771	0.0268	0.0644
774	0.0271	0.0651
775	0.0275	0.0657
777	0.0278	0.0661
780	0.0282	0.0666
783	0.0283	0.0666
787	0.0284	0.0662
792	0.0284	0.0657
796	0.0281	0.0645
796	0.0276	0.0632
794	0.0272	0.0622
791	0.0269	0.0612
788	0.0266	0.0607
785	0.0263	0.0599
781	0.0262	0.0595
778	0.0261	0.0592
774	0.0261	0.0591
771	0.0262	0.0593
767	0.0264	0.0597
763	0.0268	0.0607
760	0.0274	0.0624
758	0.0283	0.0647
756	0.0292	0.0671
755	0.0302	0.0696
754	0.031	0.0718
754	0.032	0.0744
754	0.0328	0.0767
754	0.0338	0.0793
754	0.0344	0.0808
754	0.0352	0.083
754	0.0361	0.0856
754	0.0371	0.0883
755	0.038	0.0906
755	0.0389	0.093
755	0.0397	0.0953
756	0.0405	0.0973
756	0.041	0.0987
756	0.0415	0.0999
756	0.0419	0.101
756	0.0421	0.101
756	0.0421	0.101
756	0.042	0.101
756	0.0419	0.101
756	0.0418	0.101
756	0.0416	0.101
756	0.0415	0.101
756	0.0415	0.1
756	0.0415	0.1
756	0.0414	0.1
756	0.0415	0.101
757	0.0416	0.101
757	0.0416	0.101
757	0.0416	0.101
757	0.0416	0.101
757	0.0414	0.1
757	0.0412	0.1
757	0.0411	0.0996
757	0.041	0.0995
757	0.0409	0.0992
757	0.0407	0.099
757	0.0407	0.099
757	0.0408	0.0993
757	0.0409	0.0993
757	0.0409	0.0994
757	0.0409	0.0995
757	0.041	0.0996
757	0.041	0.0996
757	0.041	0.0997
757	0.0411	0.0997
757	0.0411	0.0998
757	0.0411	0.0999
757	0.0412	0.1
757	0.0414	0.1
757	0.0415	0.101
757	0.0416	0.101
757	0.0416	0.101
757	0.0416	0.101
757	0.0414	0.101
757	0.0413	0.1
757	0.0413	0.1
757	0.0411	0.1
757	0.0411	0.0999
757	0.041	0.0997
757	0.041	0.0997
757	0.041	0.0997
757	0.041	0.0996
757	0.041	0.0996
757	0.041	0.0996
757	0.041	0.0998
757	0.0411	0.1
757	0.0412	0.1
757	0.0413	0.1
757	0.0413	0.1
757	0.0411	0.1
757	0.041	0.0997
757	0.0409	0.0995
757	0.0408	0.0993
757	0.0407	0.0991
757	0.0407	0.0991
757	0.0407	0.099
757	0.0406	0.0989
757	0.0406	0.0988
757	0.0405	0.0987
757	0.0405	0.0987
757	0.0405	0.0987
757	0.0405	0.0987
